filename,p_true,p_pred,p_error,s_true,s_pred,s_error,ps_true,ps_pred,ps_error,p_prob_max,s_prob_max
GE.UGM.BL.gfz2010ddjw.npz,1,2971,2970,2719,3470,751,2718,499,2219,0.6572266,0.45716846
GE.TNTI.BL.gfz2009ayha.npz,0,9002,9002,6659,4843,1816,6659,-4159,10818,0.64507157,0.44064897
GE.SOEI.BH.gfz2012mpmh.npz,1,4173,4172,3999,207,3792,3998,-3966,7964,0.5714313,0.43209672
GE.MNAI.BL.gfz2009xyqn.npz,1,1149,1148,1086,1210,124,1085,61,1024,0.6973792,0.48766252
GE.LHMI.SH.gfz2013urpd.npz,1,10529,10528,1666,290,1376,1665,-10239,11904,0.56155735,0.3437084
GE.PLAI.SL.gfz2012xqdd.npz,0,721,721,4549,1745,2804,4549,1024,3525,0.6828216,0.4730583
GE.MMRI.SH.gfz2013hbue.npz,0,4489,4489,3667,798,2869,3667,-3691,7358,0.5901825,0.38912103
GE.BNDI.SH.gfz2018qhyw.npz,0,1692,1692,1533,1855,322,1533,163,1370,0.7247012,0.4100767
GE.TNTI.BL.gfz2009fgfn.npz,1,4025,4024,3549,2462,1087,3548,-1563,5111,0.5741258,0.39868242
GE.MMRI.BL.gfz2019hinv.npz,1,58,57,2213,12510,10297,2212,12452,10240,0.6090492,0.4475602
GE.FAKI.BH.gfz2009ayxo.npz,1,5725,5724,5473,2642,2831,5472,-3083,8555,0.5669874,0.37047088
GE.SOEI.BL.gfz2013yfql.npz,1,159,158,736,790,54,735,631,104,0.652456,0.4735997
GE.GSI.BH.gfz2012uhbt.npz,1,1801,1800,1276,1722,446,1275,-79,1354,0.5655514,0.4320186
GE.LHMI.BL.gfz2012rato.npz,1,1905,1904,1813,3946,2133,1812,2041,229,0.6607932,0.4830344
GE.LUWI.HH.gfz2009qkjn.npz,0,3510,3510,2035,2238,203,2035,-1272,3307,0.6027406,0.42799157
GE.PLAI.SH.gfz2024yqam.npz,1,4036,4035,3897,4206,309,3896,170,3726,0.6222444,0.40845436
GE.GSI.BL.gfz2021kfyy.npz,1,2679,2678,2467,13202,10735,2466,10523,8057,0.7173171,0.4125011
GE.MMRI.SH.gfz2024wupd.npz,1,471,470,4869,10410,5541,4868,9939,5071,0.621319,0.4028952
GE.PLAI.SL.gfz2017ddhx.npz,0,115,115,3217,374,2843,3217,259,2958,0.81218344,0.51247084
GE.BBJI.BH.gfz2024nomt.npz,1,3617,3616,2838,3100,262,2837,-517,3354,0.6034606,0.37569463
GE.LUWI.SH.gfz2010abbl.npz,1,6767,6766,5712,6764,1052,5711,-3,5714,0.6095764,0.45515755
GE.JAGI.SH.gfz2012qetk.npz,1,1409,1408,1295,1407,112,1294,-2,1296,0.6713973,0.45408124
GE.LUWI.BL.gfz2010ciep.npz,1,1549,1548,1317,1481,164,1316,-68,1384,0.7276394,0.43834287
GE.FAKI.BH.gfz2012amyi.npz,1,5068,5067,4987,5078,91,4986,10,4976,0.6387317,0.37741458
GE.BNDI.BH.gfz2012gezz.npz,1,10841,10840,1821,2004,183,1820,-8837,10657,0.5427056,0.3762278
GE.JAGI.SH.gfz2013hbue.npz,1,5895,5894,5466,6662,1196,5465,767,4698,0.6198942,0.42151496
GE.GSI.SH.gfz2015bvov.npz,0,1377,1377,884,1024,140,884,-353,1237,0.5126252,0.352611
GE.SAUI.BH.gfz2020iiaf.npz,1,3383,3382,1910,2462,552,1909,-921,2830,0.5634034,0.37388486
GE.JAGI.BH.gfz2017nmdx.npz,1,1705,1704,1595,1858,263,1594,153,1441,0.5823474,0.3781574
GE.FAKI.HL.gfz2009bmox.npz,0,1227,1227,6002,1290,4712,6002,63,5939,0.6531388,0.48148552
GE.GSI.BH.gfz2013qpmq.npz,1,3260,3259,2213,2162,51,2212,-1098,3310,0.509251,0.42614007
GE.SOEI.BH.gfz2009rpju.npz,1,7777,7776,7619,10449,2830,7618,2672,4946,0.51906306,0.34239125
GE.FAKI.BL.gfz2009daap.npz,1,5403,5402,5275,5934,659,5274,531,4743,0.7196803,0.49574685
GE.LUWI.HL.gfz2009ilut.npz,0,865,865,8427,13430,5003,8427,12565,4138,0.7786572,0.6807782
GE.FAKI.BH.gfz2009yode.npz,1,3123,3122,2932,196,2736,2931,-2927,5858,0.65526736,0.3977196
GE.FAKI.BL.gfz2013wlbf.npz,1,11045,11044,2560,6120,3560,2559,-4925,7484,0.5470008,0.3941612
GE.TNTI.HL.gfz2009rdgk.npz,0,11329,11329,2206,11609,9403,2206,280,1926,0.7735502,0.48834974
GE.MMRI.BH.gfz2025amik.npz,1,1909,1908,3520,1536,1984,3519,-373,3892,0.529441,0.35349545
GE.SAUI.HH.gfz2009tkfn.npz,0,3025,3025,8707,7357,1350,8707,4332,4375,0.5304805,0.34777677
GE.TNTI.BL.gfz2009bmox.npz,2,2377,2375,2029,4008,1979,2027,1631,396,0.5890265,0.3949871
GE.LUWI.BL.gfz2009bjnh.npz,1,5354,5353,8853,4282,4571,8852,-1072,9924,0.5488947,0.4027874
GE.MMRI.BL.gfz2012ugap.npz,1,2779,2778,2375,10155,7780,2374,7376,5002,0.61765426,0.4198413
GE.FAKI.BL.gfz2009aqpt.npz,1,362,361,3401,273,3128,3400,-89,3489,0.59853315,0.44355255
GE.TNTI.BL.gfz2009czsb.npz,1,4708,4707,3556,843,2713,3555,-3865,7420,0.63999116,0.3770088
GE.TNTI.SH.gfz2012yhuy.npz,0,4717,4717,4567,3985,582,4567,-732,5299,0.5762457,0.35738125
GE.UGM.SL.gfz2014bxsc.npz,1,1797,1796,1752,9906,8154,1751,8109,6358,0.7594709,0.5221226
GE.SOEI.SH.gfz2013qvir.npz,0,926,926,5059,1134,3925,5059,208,4851,0.56282926,0.40170667
GE.UGM.SH.gfz2012uneo.npz,0,3977,3977,3797,961,2836,3797,-3016,6813,0.54229414,0.34914932
GE.JAGI.BH.gfz2024xkub.npz,1,1250,1249,1170,6717,5547,1169,5467,4298,0.76719064,0.4092417
GE.TOLI2.SH.gfz2013hjin.npz,1,124,123,7615,262,7353,7614,138,7476,0.73995167,0.48772797
GE.MMRI.HH.gfz2009ilut.npz,0,536,536,6475,2678,3797,6475,2142,4333,0.570867,0.38755184
GE.LUWI.BL.gfz2012wmnj.npz,1,88,87,1934,2292,358,1933,2204,271,0.79468036,0.42434046
GE.FAKI.HH.gfz2009atqt.npz,0,3381,3381,3303,3721,418,3303,340,2963,0.55986166,0.36744735
GE.BKNI.SH.gfz2022gjiw.npz,1,58,57,3140,1089,2051,3139,1031,2108,0.551679,0.35854012
GE.TNTI.BH.gfz2009frwm.npz,1,784,783,3454,4582,1128,3453,3798,345,0.5425098,0.39160064
GE.FAKI.BH.gfz2009rpju.npz,1,4563,4562,4454,173,4281,4453,-4390,8843,0.7150324,0.3754735
GE.SMRI.SH.gfz2015vcni.npz,1,2273,2272,2258,296,1962,2257,-1977,4234,0.61175025,0.3940737
GE.SAUI.BL.gfz2010kolf.npz,1,3193,3192,2503,12440,9937,2502,9247,6745,0.61991125,0.41378716
GE.UGM.SH.gfz2012atnm.npz,1,1580,1579,1416,1590,174,1415,10,1405,0.6848263,0.52989805
GE.PLAI.BH.gfz2019cznc.npz,1,1796,1795,1364,1750,386,1363,-46,1409,0.568367,0.36629727
GE.TNTI.BH.gfz2013rzij.npz,1,2666,2665,1609,3485,1876,1608,819,789,0.5816741,0.38592225
GE.SAUI.HH.gfz2009sufe.npz,0,2656,2656,2196,2594,398,2196,-62,2258,0.5522266,0.37269902
GE.FAKI.HL.gfz2009bgxf.npz,0,12403,12403,2890,12401,9511,2890,-2,2892,0.70548004,0.49305442
GE.SAUI.SH.gfz2021ubnw.npz,0,2309,2309,1858,1750,108,1858,-559,2417,0.5883091,0.40086192
GE.TNTI.BL.gfz2013rzij.npz,1,2806,2805,1609,7901,6292,1608,5095,3487,0.5883748,0.4041131
GE.UGM.SH.gfz2010fnia.npz,0,2105,2105,1764,2056,292,1764,-49,1813,0.6201753,0.41098845
GE.SMRI.BH.gfz2013jvgk.npz,1,2513,2512,4004,2957,1047,4003,444,3559,0.499622,0.3673186
GE.SMRI.BH.gfz2009boyf.npz,2,3262,3260,3155,141,3014,3153,-3121,6274,0.5517518,0.3361376
GE.LHMI.BL.gfz2013urpd.npz,1,1984,1983,1666,325,1341,1665,-1659,3324,0.6189308,0.40059155
GE.MNAI.BH.gfz2010atkp.npz,1,1364,1363,1187,1362,175,1186,-2,1188,0.716995,0.552191
GE.FAKI.HH.gfz2009dkli.npz,0,2001,2001,9495,11990,2495,9495,9989,494,0.5902245,0.35663727
GE.TNTI.HH.gfz2009qghs.npz,0,3627,3627,2191,333,1858,2191,-3294,5485,0.5160033,0.34879264
GE.MMRI.BH.gfz2013fkbz.npz,2,2655,2653,2505,154,2351,2503,-2501,5004,0.5829751,0.40081257
GE.TNTI.BH.gfz2010awor.npz,1,661,660,4411,3400,1011,4410,2739,1671,0.5862489,0.3870577
GE.TNTI.HL.gfz2009bmox.npz,0,2375,2375,2027,5086,3059,2027,2711,684,0.5890268,0.4025209
GE.MMRI.BH.gfz2024wupd.npz,2,11513,11511,4870,496,4374,4868,-11017,15885,0.57088226,0.38212487
GE.UGM.BH.gfz2009ptvf.npz,1,2205,2204,1988,2272,284,1987,67,1920,0.6168392,0.3642914
GE.TOLI2.SH.gfz2012yhuy.npz,0,1493,1493,8977,2,8975,8977,-1491,10468,0.48474514,0.35662052
GE.FAKI.BL.gfz2009avte.npz,0,5457,5457,5234,388,4846,5234,-5069,10303,0.699145,0.4526272
GE.LUWI.HL.gfz2009floe.npz,0,9132,9132,3111,10253,7142,3111,1121,1990,0.8044977,0.47906196
GE.JAGI.BL.gfz2012rjfs.npz,2,316,314,2948,463,2485,2946,147,2799,0.6844968,0.45742553
GE.SOEI.BH.gfz2012heuj.npz,1,1125,1124,6064,216,5848,6063,-909,6972,0.52393216,0.35536596
GE.TNTI.BH.gfz2024qrxn.npz,1,2378,2377,1820,2691,871,1819,313,1506,0.608642,0.36792898
GE.SANI.SH.gfz2015thvg.npz,0,159,159,3552,93,3459,3552,-66,3618,0.83961034,0.48347482
GE.TNTI.BH.gfz2009dseu.npz,1,425,424,3481,966,2515,3480,541,2939,0.56553626,0.36527035
GE.LUWI.SH.gfz2017cdvt.npz,1,1691,1690,1261,1741,480,1260,50,1210,0.68373936,0.43436354
GE.GSI.SH.gfz2010wlnb.npz,0,87,87,2862,330,2532,2862,243,2619,0.66711646,0.39080715
GE.MNAI.BL.gfz2013ydaj.npz,0,2252,2252,1816,3004,1188,1816,752,1064,0.66877687,0.49580967
GE.GENI.SH.gfz2012nver.npz,0,1046,1046,965,107,858,965,-939,1904,0.6168253,0.42606583
GE.LUWI.BH.gfz2009bjnh.npz,1,2685,2684,8853,4084,4769,8852,1399,7453,0.5584792,0.35315174
GE.UGM.BH.gfz2016dbtc.npz,1,2841,2840,2389,172,2217,2388,-2669,5057,0.5688818,0.37627277
GE.TOLI2.SH.gfz2025dlfh.npz,0,2672,2672,2084,2170,86,2084,-502,2586,0.6331362,0.41722295
GE.UGM.BH.gfz2010fnia.npz,1,2107,2106,1765,2056,291,1764,-51,1815,0.6284009,0.3764432
GE.TOLI2.BL.gfz2025bymb.npz,1,1668,1667,1214,2260,1046,1213,592,621,0.7044801,0.42355415
GE.PLAI.BL.gfz2012dcye.npz,1,1204,1203,1107,4261,3154,1106,3057,1951,0.6966595,0.44109833
GE.FAKI.HL.gfz2009tkfn.npz,0,3573,3573,3328,402,2926,3328,-3171,6499,0.66095936,0.4592411
GE.SOEI.HH.gfz2009qfbt.npz,0,6103,6103,5523,4626,897,5523,-1477,7000,0.56351507,0.36763567
GE.FAKI.SH.gfz2009zbqz.npz,0,219,219,5099,5565,466,5099,5346,247,0.6480473,0.36335537
GE.PLAI.BL.gfz2014ghxq.npz,1,3853,3852,2977,766,2211,2976,-3087,6063,0.6132133,0.4381301
GE.TOLI2.BH.gfz2024qmwb.npz,1,733,732,8311,1185,7126,8310,452,7858,0.5632742,0.37141874
GE.PLAI.BH.gfz2025bckw.npz,1,1800,1799,1563,1676,113,1562,-124,1686,0.6001409,0.38361797
GE.MNAI.BH.gfz2013xmza.npz,1,1029,1028,1007,1206,199,1006,177,829,0.7378396,0.40312314
GE.MNAI.HL.gfz2009rjtx.npz,0,301,301,5202,286,4916,5202,-15,5217,0.7624232,0.46347216
GE.GSI.SH.gfz2013cxen.npz,0,78,78,2901,246,2655,2901,168,2733,0.69687545,0.51360214
GE.UGM.BL.gfz2013crnj.npz,1,1805,1804,1648,9873,8225,1647,8068,6421,0.6529857,0.40333578
GE.UGM.SL.gfz2013ttpe.npz,0,2118,2118,1938,7537,5599,1938,5419,3481,0.6919883,0.470229
GE.FAKI.BH.gfz2009aixg.npz,1,3412,3411,3068,212,2856,3067,-3200,6267,0.5500701,0.37595594
GE.FAKI.BL.gfz2009zbqz.npz,1,273,272,5100,5131,31,5099,4858,241,0.6543571,0.4361533
GE.FAKI.BL.gfz2012cnkn.npz,1,248,247,3386,246,3140,3385,-2,3387,0.73938435,0.53189194
GE.GSI.SH.gfz2021kfyy.npz,0,2601,2601,2466,2970,504,2466,369,2097,0.63751155,0.43038172
GE.SMRI.HL.gfz2009boyf.npz,0,11457,11457,3153,8966,5813,3153,-2491,5644,0.831634,0.50164443
GE.TNTI.HL.gfz2009agwc.npz,0,5576,5576,5357,5734,377,5357,158,5199,0.6462885,0.44742087
GE.BKNI.BH.gfz2012gitd.npz,1,1524,1523,1376,1935,559,1375,411,964,0.7473569,0.3532312
GE.SOEI.BL.gfz2025gvra.npz,1,1097,1096,6939,4041,2898,6938,2944,3994,0.5645163,0.39299005
GE.LHMI.BL.gfz2011kyss.npz,0,3913,3913,1774,2314,540,1774,-1599,3373,0.6034595,0.38652322
GE.TNTI.BH.gfz2009hmmo.npz,2,6170,6168,2880,12444,9564,2878,6274,3396,0.5484818,0.3768543
GE.FAKI.HL.gfz2009ewtf.npz,0,9060,9060,7975,3515,4460,7975,-5545,13520,0.74474865,0.50344145
GE.FAKI.HH.gfz2009ayty.npz,0,3512,3512,3316,880,2436,3316,-2632,5948,0.59715945,0.3476311
GE.UGM.BL.gfz2009bbud.npz,1,2721,2720,2427,2376,51,2426,-345,2771,0.58916396,0.41662058
GE.UGM.SH.gfz2014kwfg.npz,1,1771,1770,1692,2035,343,1691,264,1427,0.65211314,0.41821727
GE.SAUI.BL.gfz2013tulg.npz,1,5045,5044,3696,448,3248,3695,-4597,8292,0.5903219,0.48483357
GE.UGM.BH.gfz2009bjnh.npz,0,13177,13177,13499,11557,1942,13499,-1620,15119,0.48506042,0.3272765
GE.SANI.BH.gfz2011xxju.npz,1,2519,2518,2398,2885,487,2397,366,2031,0.73796827,0.43537325
GE.FAKI.HL.gfz2009nqxv.npz,0,117,117,4630,10974,6344,4630,10857,6227,0.7360914,0.46875024
GE.PLAI.SH.gfz2017culr.npz,1,1673,1672,1408,1522,114,1407,-151,1558,0.63507843,0.46305776
GE.LUWI.BH.gfz2009floe.npz,1,3195,3194,3112,3439,327,3111,244,2867,0.7302844,0.40423146
GE.SANI.SH.gfz2013grue.npz,0,583,583,8086,8602,516,8086,8019,67,0.7249029,0.58205825
GE.FAKI.BL.gfz2009cdlz.npz,1,215,214,4166,250,3916,4165,35,4130,0.8126333,0.50079125
GE.MMRI.BH.gfz2013ribh.npz,1,1629,1628,1455,1843,388,1454,214,1240,0.60102075,0.38916257
GE.LHMI.HL.gfz2009epev.npz,0,1749,1749,1127,1457,330,1127,-292,1419,0.65466064,0.42475173
GE.TNTI.BL.gfz2009qgjm.npz,1,2125,2124,1572,13480,11908,1571,11355,9784,0.62317896,0.4069863
GE.MMRI.BL.gfz2013hbue.npz,1,1057,1056,3668,488,3180,3667,-569,4236,0.6036599,0.45056483
GE.JAGI.BL.gfz2009zipp.npz,1,244,243,4122,341,3781,4121,97,4024,0.6782231,0.4573283
GE.BNDI.BL.gfz2017bxmp.npz,1,2749,2748,2531,245,2286,2530,-2504,5034,0.6543449,0.48333648
GE.GSI.BH.gfz2022twah.npz,1,1433,1432,922,1723,801,921,290,631,0.6518852,0.41262737
GE.MMRI.BH.gfz2022sqkl.npz,1,3720,3719,3512,1990,1522,3511,-1730,5241,0.55321765,0.39383054
GE.TNTI.HH.gfz2009agwc.npz,0,356,356,5357,290,5067,5357,-66,5423,0.6426768,0.366315
GE.MNAI.SH.gfz2021lyjz.npz,1,876,875,840,911,71,839,35,804,0.6251826,0.38975924
GE.FAKI.HL.gfz2009aczt.npz,0,129,129,10138,4210,5928,10138,4081,6057,0.7348788,0.4621786
GE.FAKI.BH.gfz2010kolf.npz,0,5305,5305,5220,903,4317,5220,-4402,9622,0.6638781,0.4193386
GE.LUWI.SH.gfz2024hdte.npz,1,4339,4338,7475,12785,5310,7474,8446,972,0.5886072,0.36676955
GE.SOEI.HH.gfz2009rpju.npz,0,7773,7773,7618,10449,2831,7618,2676,4942,0.5140306,0.34962448
GE.PLAI.BH.gfz2014esmj.npz,1,1744,1743,3214,753,2461,3213,-991,4204,0.5880209,0.3886944
GE.PLAI.SH.gfz2022sqkl.npz,1,2165,2164,2093,2246,153,2092,81,2011,0.7068096,0.4934061
GE.FAKI.BL.gfz2009ayty.npz,0,3503,3503,3316,794,2522,3316,-2709,6025,0.6631135,0.40630084
GE.PMBI.BL.gfz2011swwe.npz,0,12378,12378,2673,4438,1765,2673,-7940,10613,0.8159633,0.56558365
GE.UGM.BL.gfz2010bjpa.npz,1,4510,4509,3717,8432,4715,3716,3922,206,0.6153875,0.41092253
GE.TNTI.HH.gfz2009algf.npz,0,1921,1921,1726,457,1269,1726,-1464,3190,0.5404338,0.35283363
GE.TNTI.BH.gfz2020iwiv.npz,1,2561,2560,1420,1090,330,1419,-1471,2890,0.55541724,0.3738908
GE.TNTI.SH.gfz2014hjch.npz,1,1559,1558,1447,1142,305,1446,-417,1863,0.6296997,0.36913297
GE.LUWI.BL.gfz2012rszr.npz,1,3913,3912,3320,3911,591,3319,-2,3321,0.6727108,0.47785175
GE.GSI.BH.gfz2022gjiw.npz,0,2475,2475,2410,2288,122,2410,-187,2597,0.6389967,0.3872131
GE.TOLI2.SH.gfz2025bymb.npz,1,1673,1672,1214,2726,1512,1213,1053,160,0.7362442,0.36261606
GE.SOEI.BL.gfz2025dcky.npz,0,2093,2093,6361,4029,2332,6361,1936,4425,0.5596698,0.39830086
GE.TNTI.BH.gfz2017ayqr.npz,1,1677,1676,1346,1202,144,1345,-475,1820,0.5393845,0.37640005
GE.TNTI.SH.gfz2014jcyq.npz,0,265,265,4235,152,4083,4235,-113,4348,0.6369288,0.37995082
GE.SAUI.SH.gfz2013aruy.npz,0,183,183,2769,190,2579,2769,7,2762,0.5943533,0.54101723
GE.TNTI.BH.gfz2009czsb.npz,1,4716,4715,3556,6001,2445,3555,1285,2270,0.5083139,0.33355567
GE.PLAI.BH.gfz2019usec.npz,1,1245,1244,1222,1259,37,1221,14,1207,0.6974038,0.4099611
GE.GSI.BH.gfz2009cktz.npz,1,11561,11560,2152,2241,89,2151,-9320,11471,0.5071742,0.36006072
GE.MNAI.HL.gfz2009mwyd.npz,0,3193,3193,2775,10096,7321,2775,6903,4128,0.6423833,0.48675346
GE.FAKI.BL.gfz2009agmj.npz,1,3676,3675,3180,467,2713,3179,-3209,6388,0.62319136,0.44323382
GE.FAKI.SH.gfz2014fbzr.npz,0,381,381,2986,3331,345,2986,2950,36,0.55206776,0.37383
GE.UGM.BL.gfz2012uneo.npz,2,3975,3973,3799,2638,1161,3797,-1337,5134,0.58271563,0.40136975
GE.SAUI.BH.gfz2016mcqf.npz,1,2893,2892,2266,2329,63,2265,-564,2829,0.60035497,0.34578887
GE.MMRI.BH.gfz2009efga.npz,1,7221,7220,6775,11314,4539,6774,4093,2681,0.5595686,0.37301767
GE.BBJI.BL.gfz2018bubc.npz,1,2065,2064,1926,1950,24,1925,-115,2040,0.6354009,0.41746876
GE.PLAI.BL.gfz2013sril.npz,1,2699,2698,2556,3211,655,2555,512,2043,0.671814,0.414826
GE.SANI.BH.gfz2013nflx.npz,1,203,202,5963,134,5829,5962,-69,6031,0.55828035,0.36065626
GE.PLAI.SH.gfz2025bmwa.npz,1,2286,2285,2233,7434,5201,2232,5148,2916,0.6673018,0.3749258
GE.MMRI.BH.gfz2009ilut.npz,2,538,536,6477,1048,5429,6475,510,5965,0.57169336,0.37352833
GE.GSI.BL.gfz2016rfim.npz,1,2477,2476,1568,3269,1701,1567,792,775,0.6001456,0.3898388
GE.BBJI.BH.gfz2024xqwc.npz,1,1310,1309,1051,1082,31,1050,-228,1278,0.62265015,0.42285323
GE.TNTI.HL.gfz2009waho.npz,0,11843,11843,2791,11842,9051,2791,-1,-1,0.67576516,0.471867
GE.TNTI.BH.gfz2009eqqh.npz,1,3525,3524,1182,830,352,1181,-2695,3876,0.543131,0.36868894
GE.JAGI.BH.gfz2009ruvn.npz,1,5347,5346,4304,4838,534,4303,-509,4812,0.55575395,0.36360207
GE.JAGI.HH.gfz2009bkhv.npz,0,2919,2919,2823,76,2747,2823,-2843,5666,0.63031644,0.4515522
GE.TNTI.BH.gfz2024fmvg.npz,2,1931,1929,1405,2913,1508,1403,982,421,0.61418283,0.37090924
GE.SAUI.BL.gfz2020iiaf.npz,1,2541,2540,1910,2457,547,1909,-84,1993,0.6126248,0.47053507
GE.PLAI.SL.gfz2019qkjz.npz,0,1653,1653,1496,122,1374,1496,-1531,3027,0.7133098,0.49853364
GE.BNDI.SH.gfz2009yode.npz,1,3312,3311,2360,2856,496,2359,-456,2815,0.58521485,0.39741722
GE.UGM.BH.gfz2010teou.npz,1,5064,5063,4812,306,4506,4811,-4758,9569,0.5864,0.38989782
GE.SAUI.BL.gfz2009sufe.npz,1,2826,2825,2197,2311,114,2196,-515,2711,0.5974251,0.38594884
GE.GSI.SH.gfz2012nrpy.npz,0,3222,3222,6273,3220,3053,6273,-2,6275,0.5946943,0.45163795
GE.SMRI.BH.gfz2018hcuv.npz,1,2625,2624,2522,2456,66,2521,-169,2690,0.6199277,0.3864699
GE.TNTI.BL.gfz2009dijd.npz,2,2978,2976,2353,729,1624,2351,-2249,4600,0.5488314,0.39314273
GE.SANI.BL.gfz2015thvg.npz,1,3710,3709,3553,106,3447,3552,-3604,7156,0.75181895,0.47882435
GE.TNTI.BL.gfz2010abbl.npz,1,2661,2660,1743,1794,51,1742,-867,2609,0.6966586,0.4365807
GE.FAKI.BH.gfz2009oubh.npz,1,5781,5780,5632,394,5238,5631,-5387,11018,0.6374525,0.39118403
GE.TNTI.BH.gfz2009eavu.npz,2,5743,5741,5073,490,4583,5071,-5253,10324,0.5863826,0.39115578
GE.TNTI.BH.gfz2016mexu.npz,2,1900,1898,915,6106,5191,913,4206,3293,0.5413933,0.3634157
GE.UGM.SH.gfz2015kylx.npz,1,2208,2207,2107,93,2014,2106,-2115,4221,0.5715041,0.40130433
GE.UGM.BL.gfz2009boyf.npz,1,260,259,3030,74,2956,3029,-186,3215,0.68739724,0.46962044
GE.FAKI.SH.gfz2024quvs.npz,1,5965,5964,5616,620,4996,5615,-5345,10960,0.52260685,0.367245
GE.FAKI.BH.gfz2009rhsi.npz,1,4149,4148,4017,332,3685,4016,-3817,7833,0.7012653,0.34730846
GE.BNDI.BH.gfz2025fwkg.npz,1,3832,3831,2529,853,1676,2528,-2979,5507,0.54272264,0.34043023
GE.FAKI.BL.gfz2013avzn.npz,1,97,96,4374,95,4279,4373,-2,4375,0.7395249,0.46836358
GE.FAKI.HL.gfz2009blcy.npz,0,10771,10771,2905,534,2371,2905,-10237,13142,0.9116908,0.45648745
GE.GSI.BH.gfz2025cdqz.npz,1,2571,2570,2079,2562,483,2078,-9,2087,0.5265086,0.39451832
GE.TNTI.BH.gfz2009bmox.npz,2,2397,2395,2029,778,1251,2027,-1619,3646,0.526093,0.37581483
GE.LUWI.BL.gfz2013qwcb.npz,0,4092,4092,3053,1279,1774,3053,-2813,5866,0.622103,0.43640867
GE.TNTI.HH.gfz2009fgfn.npz,0,4197,4197,3548,577,2971,3548,-3620,7168,0.5272589,0.34606948
GE.LUWI.BH.gfz2017ukwz.npz,1,1389,1388,1249,1705,456,1248,316,932,0.639269,0.35165715
GE.PLAI.SH.gfz2017nlxf.npz,1,2479,2478,1473,1870,397,1472,-609,2081,0.5842112,0.40536448
GE.LUWI.BH.gfz2012widq.npz,1,2558,2557,2219,2793,574,2218,235,1983,0.61053103,0.37740812
GE.MNAI.BL.gfz2013uvlo.npz,2,1165,1163,4637,5086,449,4635,3921,714,0.7254343,0.56013614
GE.MMRI.SH.gfz2012rbpj.npz,1,1994,1993,7204,1490,5714,7203,-504,7707,0.53218037,0.3497141
GE.UGM.SH.gfz2012cipp.npz,0,1777,1777,1696,70,1626,1696,-1707,3403,0.69544244,0.40002015
GE.GSI.SH.gfz2016rfim.npz,1,7605,7604,1568,2990,1422,1567,-4615,6182,0.4991472,0.3671515
GE.SANI.SH.gfz2010ghiq.npz,0,4465,4465,6709,558,6151,6709,-3907,10616,0.5437514,0.37642646
GE.FAKI.BH.gfz2018qtuf.npz,1,3115,3114,2929,203,2726,2928,-2912,5840,0.64848024,0.36658227
GE.TOLI2.SH.gfz2014iwpt.npz,0,4437,4437,3161,1456,1705,3161,-2981,6142,0.54731596,0.39692956
GE.BNDI.BH.gfz2025dcky.npz,1,1232,1231,3294,468,2826,3293,-764,4057,0.53753465,0.3412483
GE.FAKI.BL.gfz2010abkc.npz,1,5052,5051,4816,5110,294,4815,58,4757,0.70764655,0.5780662
GE.GSI.BH.gfz2012hidg.npz,1,2444,2443,2178,2687,509,2177,243,1934,0.6295107,0.35950416
GE.SOEI.BL.gfz2014mnzy.npz,1,1283,1282,1703,1295,408,1702,12,1690,0.580653,0.4399076
GE.FAKI.HL.gfz2009byjb.npz,0,4345,4345,4194,4246,52,4194,-99,4293,0.82595444,0.6052208
GE.MNAI.BL.gfz2020wrfa.npz,1,1005,1004,937,1177,240,936,172,764,0.7586885,0.4183367
GE.JAGI.BL.gfz2023qwer.npz,1,368,367,5565,378,5187,5564,10,5554,0.6020453,0.4240853
GE.PLAI.SH.gfz2025ghay.npz,0,1927,1927,1791,2394,603,1791,467,1324,0.6689215,0.37618676
GE.MNAI.SH.gfz2009xyqn.npz,0,1169,1169,1085,1198,113,1085,29,1056,0.68170893,0.47803462
GE.JAGI.HH.gfz2009bjnh.npz,0,12893,12893,13499,1288,12211,13499,-11605,25104,0.52106404,0.371778
GE.BNDI.BL.gfz2010ghiq.npz,1,3810,3809,2661,4146,1485,2660,336,2324,0.5696434,0.45378727
GE.JAGI.SH.gfz2024wupd.npz,1,13285,13284,7182,316,6866,7181,-12969,20150,0.57390124,0.4321603
GE.TNTI.BL.gfz2009sidp.npz,1,2113,2112,1938,741,1197,1937,-1372,3309,0.5925963,0.37327328
GE.FAKI.BH.gfz2012xahl.npz,1,3584,3583,3339,5137,1798,3338,1553,1785,0.7919021,0.3957954
GE.FAKI.HL.gfz2009ennn.npz,0,12972,12972,4655,4994,339,4655,-7978,12633,0.7835373,0.4928256
GE.UGM.HH.gfz2009inbh.npz,0,3066,3066,2968,381,2587,2968,-2685,5653,0.5558951,0.3894191
GE.UGM.HL.gfz2009bbud.npz,0,2600,2600,2426,3228,802,2426,628,1798,0.59856546,0.45997807
GE.MNAI.SH.gfz2012wvgj.npz,0,2401,2401,2307,3049,742,2307,648,1659,0.7285408,0.40899193
GE.PLAI.SH.gfz2012qetk.npz,1,183,182,4071,4411,340,4070,4228,158,0.64751804,0.40509474
GE.FAKI.BL.gfz2009bjnh.npz,1,3732,3731,3603,83,3520,3602,-3649,7251,0.7047533,0.47168413
GE.MNAI.BL.gfz2009pxkx.npz,2,4666,4664,3811,4259,448,3809,-407,4216,0.5966079,0.46527094
GE.UGM.SL.gfz2010cvnw.npz,0,3642,3642,1749,1917,168,1749,-1725,3474,0.6503141,0.4713095
GE.SANI.BL.gfz2025ewvp.npz,1,6059,6058,7172,11182,4010,7171,5123,2048,0.54057837,0.42147702
GE.UGM.BH.gfz2010cvnw.npz,1,3705,3704,1750,4781,3031,1749,1076,673,0.6549081,0.3672586
GE.LUWI.SH.gfz2013fqap.npz,1,1560,1559,1552,1682,130,1551,122,1429,0.60572237,0.42177802
GE.SANI.BL.gfz2013ykdd.npz,1,473,472,8532,9065,533,8531,8592,61,0.64510685,0.48083934
GE.BKNI.SH.gfz2019ckqw.npz,1,12183,12182,1922,12233,10311,1921,50,1871,0.562439,0.4405951
GE.UGM.SH.gfz2014ojjv.npz,0,2469,2469,1895,2164,269,1895,-305,2200,0.56184125,0.38827887
GE.TOLI2.SH.gfz2024vdim.npz,0,11673,11673,8193,1750,6443,8193,-9923,18116,0.5112816,0.3554139
GE.TNTI.BL.gfz2017sglz.npz,2,12353,12351,1663,74,1589,1661,-12279,13940,0.60509354,0.463123
GE.BNDI.BH.gfz2024urkq.npz,1,1549,1548,5448,1857,3591,5447,308,5139,0.53204477,0.3446271
GE.FAKI.BL.gfz2010gdlm.npz,1,5008,5007,4888,5006,118,4887,-2,4889,0.8013747,0.6431938
GE.FAKI.HH.gfz2009bjlo.npz,0,3293,3293,2960,3189,229,2960,-104,3064,0.57084477,0.37276104
GE.LHMI.SH.gfz2010wlnb.npz,0,2147,2147,2103,2118,15,2103,-29,2132,0.6472779,0.38196433
GE.SANI.BH.gfz2013yfsc.npz,1,257,256,7540,571,6969,7539,314,7225,0.587815,0.412022
GE.SANI.SH.gfz2010occd.npz,0,144,144,4024,102,3922,4024,-42,4066,0.82178646,0.50018907
GE.TNTI.BH.gfz2009fgfn.npz,1,4197,4196,3549,577,2972,3548,-3620,7168,0.5267878,0.3438691
GE.LUWI.BH.gfz2012xqdd.npz,1,17,16,6250,5547,703,6249,5530,719,0.57344824,0.4097963
GE.LUWI.BL.gfz2013fqap.npz,1,1598,1597,1552,2054,502,1551,456,1095,0.6790205,0.4665709
GE.FAKI.SH.gfz2014ubqb.npz,1,3889,3888,3766,3822,56,3765,-67,3832,0.6882227,0.54018474
GE.TOLI2.BH.gfz2024krts.npz,1,285,284,3470,514,2956,3469,229,3240,0.70498806,0.39274573
GE.TNTI.SH.gfz2016mexu.npz,0,1997,1997,913,4166,3253,913,2169,1256,0.53064936,0.3577694
GE.FAKI.SH.gfz2009yode.npz,1,3125,3124,2932,195,2737,2931,-2930,5861,0.6580255,0.41970167
GE.TNTI.BL.gfz2012rrwm.npz,0,3469,3469,2826,9914,7088,2826,6445,3619,0.6824172,0.42797884
GE.SANI.BL.gfz2010awor.npz,1,4503,4502,4397,90,4307,4396,-4413,8809,0.7314536,0.548184
GE.TOLI2.SH.gfz2018hbkr.npz,1,2233,2232,2160,2307,147,2159,74,2085,0.6991315,0.3985753
GE.FAKI.HL.gfz2009bjnh.npz,0,3651,3651,3602,1388,2214,3602,-2263,5865,0.73699874,0.4318004
GE.GENI.BH.gfz2018umjj.npz,1,6450,6449,1466,1685,219,1465,-4765,6230,0.526458,0.36847705
GE.UGM.BL.gfz2012lnpl.npz,1,2262,2261,1805,7366,5561,1804,5104,3300,0.6010341,0.40729624
GE.TNTI.BL.gfz2009floe.npz,1,239,238,4647,3696,951,4646,3457,1189,0.6628473,0.42372125
GE.GENI.BL.gfz2012nver.npz,1,1194,1193,966,940,26,965,-254,1219,0.6164182,0.41397515
GE.SOEI.SH.gfz2018hode.npz,1,853,852,731,538,193,730,-315,1045,0.5667336,0.33387884
GE.UGM.HH.gfz2009ptvf.npz,0,2204,2204,1987,289,1698,1987,-1915,3902,0.62698233,0.381966
GE.LUWI.BH.gfz2009ayxo.npz,1,6061,6060,5473,5697,224,5472,-364,5836,0.54111445,0.3775242
GE.FAKI.BL.gfz2009brqi.npz,1,172,171,4069,4218,149,4068,4046,22,0.7975984,0.52365816
GE.MNAI.BH.gfz2010veze.npz,1,1629,1628,1500,1948,448,1499,319,1180,0.60455126,0.39386478
GE.MMRI.HL.gfz2009iayl.npz,0,9273,9273,5269,4107,1162,5269,-5166,10435,0.7457178,0.47826388
GE.MNAI.SH.gfz2013mcso.npz,1,2409,2408,2415,2567,152,2414,158,2256,0.6862594,0.45147035
GE.GSI.BL.gfz2015bvov.npz,1,1057,1056,885,851,34,884,-206,1090,0.65082514,0.37341008
GE.TNTI.HL.gfz2009qsnk.npz,0,1879,1879,4319,4855,536,4319,2976,1343,0.63072884,0.46894038
GE.SOEI.BL.gfz2023jjmg.npz,0,516,516,5761,220,5541,5761,-296,6057,0.61935467,0.42741454
GE.BKB.SH.gfz2023qwer.npz,1,2997,2996,7770,12205,4435,7769,9208,1439,0.5126046,0.3287526
GE.TNTI.SH.gfz2018lwgs.npz,1,2469,2468,4595,462,4133,4594,-2007,6601,0.53038794,0.35409176
GE.SOEI.SH.gfz2013pyhb.npz,0,3573,3573,6330,1457,4873,6330,-2116,8446,0.51499385,0.35943794
GE.PLAI.BL.gfz2014esmj.npz,1,740,739,3214,196,3018,3213,-544,3757,0.600597,0.45112443
GE.JAGI.HH.gfz2009bbud.npz,0,7034,7034,5660,6974,1314,5660,-60,5720,0.5828844,0.4237597
GE.TNTI.HH.gfz2009dseu.npz,0,425,425,3480,652,2828,3480,227,3253,0.5623321,0.3685761
GE.TOLI2.BL.gfz2024cmtg.npz,1,1256,1255,1168,1374,206,1167,118,1049,0.6658196,0.44211468
GE.SANI.SH.gfz2023kcmg.npz,0,9133,9133,6600,3418,3182,6600,-5715,12315,0.4899762,0.34589967
GE.TOLI2.BH.gfz2025dygb.npz,1,7729,7728,5049,2113,2936,5048,-5616,10664,0.53189856,0.33671302
GE.LUWI.BL.gfz2009qgjm.npz,2,4327,4325,5471,1004,4467,5469,-3323,8792,0.57811123,0.40038422
GE.SOEI.HH.gfz2010kolf.npz,0,10463,10463,6897,10264,3367,6897,-199,7096,0.87286156,0.4481741
GE.LUWI.SH.gfz2024fyvc.npz,0,636,636,3674,4438,764,3674,3802,128,0.5686818,0.3661601
GE.TNTI.HL.gfz2009bjnh.npz,0,3476,3476,6468,1777,4691,6468,-1699,8167,0.6073279,0.39265773
GE.BBJI.SH.gfz2024imhv.npz,1,797,796,13499,6210,7289,13498,5413,8085,0.52333945,0.33469754
GE.TNTI.BH.gfz2014hjch.npz,1,1560,1559,1447,1801,354,1446,241,1205,0.61211836,0.3788415
GE.GSI.SH.gfz2010ncnk.npz,0,2689,2689,2452,2751,299,2452,62,2390,0.6199331,0.40681574
GE.SANI.SH.gfz2010antw.npz,0,225,225,4367,310,4057,4367,85,4282,0.87188536,0.5497361
GE.JAGI.BH.gfz2024wupd.npz,0,7524,7524,7181,472,6709,7181,-7052,14233,0.5601347,0.3784899
GE.TNTI.HL.gfz2012atdb.npz,0,626,626,4513,12085,7572,4513,11459,6946,0.70884496,0.46751162
GE.PLAI.BH.gfz2013vwga.npz,1,445,444,381,402,21,380,-43,423,0.77678066,0.5036554
GE.TOLI2.SH.gfz2024stnc.npz,0,3155,3155,3049,496,2553,3049,-2659,5708,0.55889124,0.39265528
GE.JAGI.BH.gfz2023gnmu.npz,0,2201,2201,1953,2198,245,1953,-3,1956,0.7342292,0.4841925
GE.MMRI.SH.gfz2013ribh.npz,0,1629,1629,1454,169,1285,1454,-1460,2914,0.62736493,0.40525496
GE.TNTI.BL.gfz2017ayqr.npz,1,1964,1963,1346,2356,1010,1345,392,953,0.6159231,0.40588295
GE.TOLI2.BH.gfz2024cmtg.npz,1,1317,1316,1168,1487,319,1167,170,997,0.6994117,0.39096794
GE.SAUI.BH.gfz2013qvir.npz,1,4097,4096,3882,235,3647,3881,-3862,7743,0.59202826,0.44356227
GE.UGM.BH.gfz2009rejp.npz,2,4225,4223,3607,4501,894,3605,276,3329,0.55947304,0.3582095
GE.SMRI.SH.gfz2012uneo.npz,0,2528,2528,3917,2476,1441,3917,-52,3969,0.5363392,0.35949716
GE.TOLI2.BL.gfz2024vdim.npz,1,4485,4484,8194,4943,3251,8193,458,7735,0.55399394,0.44128704
GE.JAGI.SH.gfz2018mwlr.npz,1,1975,1974,1850,64,1786,1849,-1911,3760,0.67633337,0.44376054
GE.PLAI.BH.gfz2019qkjz.npz,1,1615,1614,1497,1580,83,1496,-35,1531,0.59791297,0.36337015
GE.PLAI.BH.gfz2025amik.npz,1,2335,2334,2068,2244,176,2067,-91,2158,0.59281343,0.36620754
GE.MMRI.BH.gfz2025fwkg.npz,2,10776,10774,9144,488,8656,9142,-10288,19430,0.5563103,0.40827486
GE.BNDI.BL.gfz2023dips.npz,2,3957,3955,3333,473,2860,3331,-3484,6815,0.5926352,0.4143033
GE.MNAI.BL.gfz2018yajs.npz,1,2069,2068,1976,2970,994,1975,901,1074,0.66962534,0.42430162
GE.TOLI2.BH.gfz2017zisk.npz,1,851,850,614,1088,474,613,237,376,0.65660715,0.37644288
GE.SANI.BH.gfz2025ewvp.npz,1,2069,2068,7172,8607,1435,7171,6538,633,0.51192814,0.36266762
GE.PLAI.BL.gfz2017ddhx.npz,1,3473,3472,3218,3635,417,3217,162,3055,0.8193362,0.4458469
GE.UGM.SL.gfz2015vcni.npz,0,1748,1748,1541,1658,117,1541,-90,1631,0.63739604,0.43939152
GE.LUWI.BH.gfz2013ghxx.npz,1,2063,2062,2045,2009,36,2044,-54,2098,0.64396,0.3743983
GE.FAKI.BH.gfz2025dcky.npz,1,2687,2686,5234,2970,2264,5233,283,4950,0.5952329,0.4287419
GE.SMRI.BL.gfz2010ddjw.npz,0,1474,1474,3484,1664,1820,3484,190,3294,0.58228755,0.41199633
GE.UGM.BL.gfz2009rejp.npz,2,396,394,3607,4344,737,3605,3948,343,0.58071387,0.4014017
GE.UGM.BH.gfz2015vcni.npz,1,1569,1568,1542,1956,414,1541,387,1154,0.7227151,0.39987737
GE.FAKI.SH.gfz2010ghiq.npz,0,4467,4467,4380,4699,319,4380,232,4148,0.6845817,0.46741635
GE.JAGI.SH.gfz2025bckw.npz,0,7481,7481,3921,1090,2831,3921,-6391,10312,0.5209591,0.36845908
GE.PLAI.SH.gfz2018hcmv.npz,1,1289,1288,1252,1799,547,1251,510,741,0.6643843,0.39131257
GE.SANI.BL.gfz2024imhv.npz,1,256,255,4927,270,4657,4926,14,4912,0.68792754,0.52583784
GE.SAUI.BL.gfz2009rpju.npz,1,11452,11451,2302,2413,111,2301,-9039,11340,0.5996778,0.46668944
GE.TNTI.BL.gfz2009zjqg.npz,1,293,292,2763,3292,529,2762,2999,237,0.6188677,0.4412998
GE.FAKI.HL.gfz2009bjlo.npz,0,12912,12912,2960,13001,10041,2960,89,2871,0.7710922,0.44349933
GE.TNTI.BH.gfz2011ywdf.npz,1,12745,12744,1745,328,1417,1744,-12417,14161,0.5230362,0.39458057
GE.TNTI.BH.gfz2012yhuy.npz,2,4717,4715,4569,1822,2747,4567,-2895,7462,0.5702876,0.34299338
GE.SANI.SH.gfz2022bkjt.npz,0,5669,5669,5592,6198,606,5592,529,5063,0.6418705,0.36549002
GE.GSI.BL.gfz2021jpkx.npz,1,13444,13443,1984,13447,11463,1983,3,1980,0.6658079,0.46612197
GE.BNDI.SH.gfz2024urkq.npz,1,1549,1548,5448,1857,3591,5447,308,5139,0.53204906,0.35085425
GE.JAGI.BL.gfz2012rjhn.npz,1,77,76,2778,151,2627,2777,74,2703,0.7095259,0.5096759
GE.UGM.BL.gfz2009npjw.npz,1,2917,2916,2551,3004,453,2550,87,2463,0.6158866,0.39156008
GE.UGM.BL.gfz2018iouz.npz,1,2362,2361,2081,436,1645,2080,-1926,4006,0.55983514,0.38131377
GE.SANI.BL.gfz2022xote.npz,1,4143,4142,3702,4150,448,3701,7,3694,0.72758603,0.50060874
GE.SOEI.BH.gfz2025fshn.npz,1,7837,7836,5695,590,5105,5694,-7247,12941,0.52966535,0.35435793
GE.JAGI.BL.gfz2014esmj.npz,1,1904,1903,1598,1952,354,1597,48,1549,0.6429599,0.42946774
GE.TNTI.HH.gfz2009pyad.npz,0,5461,5461,4692,1489,3203,4692,-3972,8664,0.60439366,0.36361718
GE.GSI.BH.gfz2010yvmm.npz,1,11281,11280,2890,3110,220,2889,-8171,11060,0.7248375,0.46274439
GE.BNDI.SH.gfz2021jacz.npz,0,9273,9273,1993,2221,228,1993,-7052,9045,0.5246754,0.35510257
GE.JAGI.BH.gfz2012qetk.npz,1,1389,1388,1295,2172,877,1294,783,511,0.63398623,0.40331957
GE.TNTI.BL.gfz2009dctr.npz,2,4463,4461,3920,12714,8794,3918,8251,4333,0.61232734,0.4807251
GE.BBJI.SH.gfz2024kkci.npz,0,5365,5365,5116,2861,2255,5116,-2504,7620,0.52685946,0.37669688
GE.SAUI.BL.gfz2014brdi.npz,1,2413,2412,1658,10262,8604,1657,7849,6192,0.6370518,0.37455344
GE.LHMI.BH.gfz2016xzgq.npz,1,1707,1706,1119,966,153,1118,-741,1859,0.6323422,0.40070027
GE.LHMI.SH.gfz2013qpmq.npz,0,1313,1313,4921,1478,3443,4921,165,4756,0.5275268,0.37900373
GE.PLAI.SH.gfz2012ilqg.npz,0,85,85,1887,82,1805,1887,-3,1890,0.78465974,0.4902578
GE.TOLI2.SH.gfz2013ghxx.npz,0,4570,4570,3552,270,3282,3552,-4300,7852,0.55983585,0.3927552
GE.TNTI.SH.gfz2014emyz.npz,0,5829,5829,5137,1834,3303,5137,-3995,9132,0.58122146,0.3910549
GE.BNDI.BL.gfz2012xahl.npz,1,2889,2888,2813,3406,593,2812,517,2295,0.7916926,0.4794037
GE.SOEI.BH.gfz2012amyi.npz,1,8321,8320,7378,5682,1696,7377,-2639,10016,0.5190336,0.344545
GE.SOEI.BH.gfz2010kolf.npz,1,7397,7396,6898,3970,2928,6897,-3427,10324,0.5505361,0.39640304
GE.FAKI.SH.gfz2025dcky.npz,1,5464,5463,5234,5325,91,5233,-139,5372,0.7500896,0.4895344
GE.JAGI.HL.gfz2009bkhv.npz,0,209,209,2823,9745,6922,2823,9536,6713,0.6878699,0.43435866
GE.MMRI.SH.gfz2025fwkg.npz,1,5681,5680,9143,6964,2179,9142,1283,7859,0.5771447,0.39442697
GE.JAGI.BH.gfz2009bbud.npz,1,7035,7034,5661,6515,854,5660,-520,6180,0.5933024,0.4028769
GE.SOEI.BL.gfz2013tulg.npz,2,261,259,5351,273,5078,5349,12,5337,0.6565864,0.40683624
GE.SOEI.HL.gfz2009psbv.npz,0,678,678,5427,229,5198,5427,-449,5876,0.7219156,0.46895218
GE.FAKI.HH.gfz2009amcp.npz,0,3589,3589,3069,1733,1336,3069,-1856,4925,0.5471641,0.33752397
GE.SAUI.BL.gfz2012rbpj.npz,1,4868,4867,2751,4931,2180,2750,63,2687,0.5714112,0.42878923
GE.JAGI.BL.gfz2013jndg.npz,1,91,90,3825,7656,3831,3824,7565,3741,0.62744725,0.40756378
GE.MMRI.BL.gfz2009ilut.npz,2,2332,2330,6477,543,5934,6475,-1789,8264,0.5615029,0.43891957
GE.TNTI.HH.gfz2009floe.npz,0,243,243,4646,6034,1388,4646,5791,1145,0.6005123,0.39073655
GE.BBJI.SH.gfz2024tufl.npz,1,286,285,3501,8193,4692,3500,7907,4407,0.5828266,0.34351453
GE.PLAI.SH.gfz2018pmjk.npz,1,9681,9680,2199,3114,915,2198,-6567,8765,0.5532946,0.3383848
GE.PLAI.BH.gfz2023sjso.npz,1,1527,1526,1414,1534,120,1413,7,1406,0.7435834,0.3912954
GE.UGM.BL.gfz2013ttpe.npz,0,2062,2062,1938,2050,112,1938,-12,1950,0.6216046,0.41842088
GE.SMRI.BH.gfz2013qeoy.npz,1,6577,6576,2994,3435,441,2993,-3142,6135,0.5204869,0.36627996
GE.UGM.BL.gfz2012kaia.npz,1,1637,1636,1409,1546,137,1408,-91,1499,0.6608318,0.44333133
GE.BNDI.BL.gfz2023jjmg.npz,2,752,750,8087,3453,4634,8085,2701,5384,0.5936141,0.41666734
GE.FAKI.SH.gfz2014genx.npz,1,3625,3624,3226,1122,2104,3225,-2503,5728,0.53834444,0.34344694
GE.LUWI.BL.gfz2009boun.npz,2,1417,1415,1399,2364,965,1397,947,450,0.7015985,0.4288471
GE.TNTI.SH.gfz2014fzbl.npz,0,2861,2861,1712,2497,785,1712,-364,2076,0.5293401,0.3407722
GE.FAKI.SH.gfz2011ycjg.npz,0,869,869,6819,8195,1376,6819,7326,507,0.5608072,0.34251818
GE.TNTI.SH.gfz2013udpf.npz,1,2330,2329,1565,412,1153,1564,-1918,3482,0.6193433,0.38955483
GE.LUWI.BL.gfz2011xxju.npz,1,761,760,5322,759,4563,5321,-2,5323,0.72565204,0.49946105
GE.LUWI.BH.gfz2009itjx.npz,1,630,629,5637,11241,5604,5636,10611,4975,0.6296032,0.45681426
GE.SANI.BH.gfz2024hgro.npz,1,1705,1704,4988,368,4620,4987,-1337,6324,0.53352094,0.41521686
GE.SANI.SH.gfz2011xxju.npz,1,2457,2456,2398,2538,140,2397,81,2316,0.7339341,0.4709133
GE.GSI.BL.gfz2010ncnk.npz,1,2815,2814,2453,2838,385,2452,23,2429,0.68200606,0.47501737
GE.UGM.SH.gfz2011yfab.npz,1,916,915,3670,316,3354,3669,-600,4269,0.6090681,0.38416988
GE.SANI.SH.gfz2013ucyl.npz,1,10153,10152,6919,10476,3557,6918,323,6595,0.5689693,0.4486947
GE.GSI.BH.gfz2009dygp.npz,1,1144,1143,913,1036,123,912,-108,1020,0.5957408,0.3876385
GE.TNTI.BL.gfz2009eqqh.npz,1,1593,1592,1182,4094,2912,1181,2501,1320,0.63113093,0.42284888
GE.SAUI.BH.gfz2014brdi.npz,1,2198,2197,1658,50,1608,1657,-2148,3805,0.5821778,0.34378713
GE.PLAI.BH.gfz2025bmwa.npz,1,2286,2285,2233,2781,548,2232,495,1737,0.659812,0.37514052
GE.TNTI.SH.gfz2019sgac.npz,1,2933,2932,2309,1726,583,2308,-1207,3515,0.57004434,0.38483498
GE.SOEI.BH.gfz2009psbv.npz,1,6681,6680,5428,72,5356,5427,-6609,12036,0.5620529,0.43033642
GE.MNAI.BL.gfz2009qkfw.npz,1,3115,3114,2857,2746,111,2856,-369,3225,0.6125003,0.4471167
GE.JAGI.BH.gfz2009bkhv.npz,1,3074,3073,2824,1346,1478,2823,-1728,4551,0.6330478,0.38962314
GE.MNAI.BL.gfz2013goiq.npz,1,1093,1092,1036,1126,90,1035,33,1002,0.8073256,0.46491036
GE.MMRI.BH.gfz2009pxvj.npz,1,1177,1176,5395,2593,2802,5394,1416,3978,0.5123895,0.35711363
GE.UGM.BH.gfz2018hcuv.npz,1,1713,1712,1590,1725,135,1589,12,1577,0.6117637,0.46245137
GE.TNTI.HL.gfz2009eavu.npz,0,9124,9124,5071,5328,257,5071,-3796,8867,0.7570139,0.5710579
GE.FAKI.BL.gfz2009apup.npz,2,3117,3115,2920,233,2687,2918,-2884,5802,0.72172207,0.44120094
GE.LUWI.BL.gfz2013pxfu.npz,1,1899,1898,1833,2091,258,1832,192,1640,0.7973453,0.5048219
GE.MNAI.BH.gfz2021lyjz.npz,1,1309,1308,840,1263,423,839,-46,885,0.5688534,0.38144964
GE.PLAI.SL.gfz2012azkx.npz,0,1584,1584,1447,1634,187,1447,50,1397,0.70505667,0.54258054
GE.LUWI.HL.gfz2009bjnh.npz,0,3797,3797,8852,2902,5950,8852,-895,9747,0.81039596,0.5646562
GE.LHMI.BL.gfz2023acqq.npz,1,12369,12368,337,540,203,336,-11829,12165,0.6242706,0.4111037
GE.BNDI.BL.gfz2010abkc.npz,1,3693,3692,3066,1954,1112,3065,-1739,4804,0.6092369,0.4577777
GE.SOEI.BH.gfz2025bzud.npz,1,7045,7044,6172,101,6071,6171,-6944,13115,0.60471874,0.35893872
GE.TNTI.SH.gfz2023szzv.npz,1,9669,9668,3972,4717,745,3971,-4952,8923,0.4960287,0.3536905
GE.TNTI.BH.gfz2025czgt.npz,1,2217,2216,1240,1882,642,1239,-335,1574,0.57841617,0.38878825
GE.TNTI.BL.gfz2012yhuy.npz,2,5425,5423,4569,6060,1491,4567,635,3932,0.56267196,0.40102288
GE.TNTI.BH.gfz2009dhbx.npz,0,625,625,3534,1745,1789,3534,1120,2414,0.53442687,0.34840867
GE.TNTI.BH.gfz2009pyad.npz,1,5464,5463,4693,2925,1768,4692,-2539,7231,0.60976964,0.35642532
GE.JAGI.SH.gfz2014ghxq.npz,0,2057,2057,1668,157,1511,1668,-1900,3568,0.6924763,0.41091335
GE.SOEI.BH.gfz2009zbqz.npz,1,361,360,6906,3585,3321,6905,3224,3681,0.53075796,0.35413697
GE.LUWI.SH.gfz2024fmvg.npz,1,6224,6223,4831,1185,3646,4830,-5039,9869,0.57253474,0.36135587
GE.TNTI.BH.gfz2015thvg.npz,1,3131,3130,2645,3542,897,2644,411,2233,0.62012684,0.37446773
GE.TOLI2.BH.gfz2025dlfh.npz,1,2493,2492,2085,2491,406,2084,-2,2086,0.60575604,0.4765825
GE.GSI.BL.gfz2010yvmm.npz,1,51,50,2890,12139,9249,2889,12088,9199,0.7832313,0.47719553
