filename,p_true,p_pred,p_error,s_true,s_pred,s_error,ps_true,ps_pred,ps_error,p_prob_max,s_prob_max
GE.UGM.BL.gfz2010ddjw.npz,3001,6114,3113,5719,6046,327,2718,-68,2786,0.43115744,0.81166255
GE.TNTI.BL.gfz2009ayha.npz,3000,11856,8856,9659,13990,4331,6659,2134,4525,0.42039752,0.7391572
GE.SOEI.BH.gfz2012mpmh.npz,3001,7765,4764,6999,3329,3670,3998,-4436,8434,0.40397668,0.73297817
GE.MNAI.BL.gfz2009xyqn.npz,3001,4169,1168,4086,4174,88,1085,5,1080,0.5247296,0.9181849
GE.LHMI.SH.gfz2013urpd.npz,3001,5055,2054,4666,13537,8871,1665,8482,6817,0.3939006,0.68676805
GE.PLAI.SL.gfz2012xqdd.npz,3000,7992,4992,7549,7913,364,4549,-79,4628,0.45239463,0.8379861
GE.MMRI.SH.gfz2013hbue.npz,3000,7142,4142,6667,4398,2269,3667,-2744,6411,0.40329486,0.75659186
GE.BNDI.SH.gfz2018qhyw.npz,3000,4672,1672,4533,4678,145,1533,6,1527,0.43012273,0.78194004
GE.TNTI.BL.gfz2009fgfn.npz,3001,3271,270,6549,3374,3175,3548,103,3445,0.42800623,0.7413405
GE.MMRI.BL.gfz2019hinv.npz,3001,5929,2928,5213,3052,2161,2212,-2877,5089,0.41186857,0.845941
GE.FAKI.BH.gfz2009ayxo.npz,3001,13174,10173,8473,5993,2480,5472,-7181,12653,0.39270237,0.6633313
GE.SOEI.BL.gfz2013yfql.npz,3001,3991,990,3736,4068,332,735,77,658,0.4134665,0.7667468
GE.GSI.BH.gfz2012uhbt.npz,3001,4644,1643,4276,4802,526,1275,158,1117,0.4171451,0.77258813
GE.LHMI.BL.gfz2012rato.npz,3001,16525,13524,4813,4909,96,1812,-11616,13428,0.44460678,0.8071571
GE.LUWI.HH.gfz2009qkjn.npz,3000,5289,2289,5035,5294,259,2035,5,2030,0.452214,0.8487154
GE.PLAI.SH.gfz2024yqam.npz,3001,7220,4219,6897,7067,170,3896,-153,4049,0.41638377,0.8084665
GE.GSI.BL.gfz2021kfyy.npz,3001,5584,2583,5467,5592,125,2466,8,2458,0.4912446,0.948349
GE.MMRI.SH.gfz2024wupd.npz,3001,3114,113,7869,3049,4820,4868,-65,4933,0.42826334,0.7739359
GE.PLAI.SL.gfz2017ddhx.npz,3000,3208,208,6217,6585,368,3217,3377,160,0.5437776,0.83865154
GE.BBJI.BH.gfz2024nomt.npz,3001,6415,3414,5838,15273,9435,2837,8858,6021,0.39567533,0.67789835
GE.LUWI.SH.gfz2010abbl.npz,3001,1528,1473,8712,9652,940,5711,8124,2413,0.45032087,0.75972
GE.JAGI.SH.gfz2012qetk.npz,3001,4365,1364,4295,4498,203,1294,133,1161,0.42092088,0.8160444
GE.LUWI.BL.gfz2010ciep.npz,3001,4577,1576,4317,4582,265,1316,5,1311,0.46423343,0.92538834
GE.FAKI.BH.gfz2012amyi.npz,3001,8151,5150,7987,8070,83,4986,-81,5067,0.40336618,0.7684982
GE.BNDI.BH.gfz2012gezz.npz,3001,5006,2005,4821,14161,9340,1820,9155,7335,0.3934631,0.62496763
GE.JAGI.SH.gfz2013hbue.npz,3001,9236,6235,8466,8887,421,5465,-349,5814,0.42217603,0.7926634
GE.GSI.SH.gfz2015bvov.npz,3000,778,2222,3884,460,3424,884,-318,1202,0.39177108,0.6923655
GE.SAUI.BH.gfz2020iiaf.npz,3001,3128,127,4910,5570,660,1909,2442,533,0.5114089,0.72272843
GE.JAGI.BH.gfz2017nmdx.npz,3001,4748,1747,4595,4757,162,1594,9,1585,0.41382962,0.8775798
GE.FAKI.HL.gfz2009bmox.npz,3000,1119,1881,9002,1240,7762,6002,121,5881,0.4599279,0.7500103
GE.GSI.BH.gfz2013qpmq.npz,3001,5547,2546,5213,5497,284,2212,-50,2262,0.383367,0.643591
GE.SOEI.BH.gfz2009rpju.npz,3001,11523,8522,10619,3869,6750,7618,-7654,15272,0.37769338,0.70211834
GE.FAKI.BL.gfz2009daap.npz,3001,3120,119,8275,8450,175,5274,5330,56,0.42014545,0.8261454
GE.LUWI.HL.gfz2009ilut.npz,3000,11299,8299,11427,11321,106,8427,22,8405,0.52974063,0.80663764
GE.FAKI.BH.gfz2009yode.npz,3001,3128,127,5932,6049,117,2931,2921,10,0.4297724,0.77954036
GE.FAKI.BL.gfz2013wlbf.npz,3001,12758,9757,5560,3933,1627,2559,-8825,11384,0.4139942,0.640144
GE.TNTI.HL.gfz2009rdgk.npz,3000,14356,11356,5206,3463,1743,2206,-10893,13099,0.44716424,0.77648896
GE.MMRI.BH.gfz2025amik.npz,3001,16998,13997,6520,10525,4005,3519,-6473,9992,0.41881728,0.62203294
GE.SAUI.HH.gfz2009tkfn.npz,3000,238,2762,11707,12137,430,8707,11899,3192,0.40199623,0.59011775
GE.TNTI.BL.gfz2009bmox.npz,3002,3114,112,5029,1064,3965,2027,-2050,4077,0.4468982,0.71774226
GE.LUWI.BL.gfz2009bjnh.npz,3001,7809,4808,11853,15294,3441,8852,7485,1367,0.41496176,0.6916971
GE.MMRI.BL.gfz2012ugap.npz,3001,5676,2675,5375,5781,406,2374,105,2269,0.4290597,0.72742885
GE.FAKI.BL.gfz2009aqpt.npz,3001,3195,194,6401,3160,3241,3400,-35,3435,0.45585573,0.8822322
GE.TNTI.BL.gfz2009czsb.npz,3001,7390,4389,6556,3805,2751,3555,-3585,7140,0.41571194,0.67787784
GE.TNTI.SH.gfz2012yhuy.npz,3000,16998,13998,7567,5140,2427,4567,-11858,16425,0.39702323,0.69232684
GE.UGM.SL.gfz2014bxsc.npz,3001,4831,1830,4752,4804,52,1751,-27,1778,0.45282894,0.92136925
GE.SOEI.SH.gfz2013qvir.npz,3000,3267,267,8059,3429,4630,5059,162,4897,0.3956103,0.75821453
GE.UGM.SH.gfz2012uneo.npz,3000,16997,13997,6797,2261,4536,3797,-14736,18533,0.38702258,0.5800654
GE.JAGI.BH.gfz2024xkub.npz,3001,4220,1219,4170,4228,58,1169,8,1161,0.45858914,0.9175569
GE.TOLI2.SH.gfz2013hjin.npz,3001,11054,8053,10615,11061,446,7614,7,7607,0.42730507,0.7398553
GE.MMRI.HH.gfz2009ilut.npz,3000,794,2206,9475,1666,7809,6475,872,5603,0.43352854,0.7033226
GE.LUWI.BL.gfz2012wmnj.npz,3001,3092,91,4934,3189,1745,1933,97,1836,0.49473494,0.80193645
GE.FAKI.HH.gfz2009atqt.npz,3000,3342,342,6303,6480,177,3303,3138,165,0.44741568,0.6492116
GE.BKNI.SH.gfz2022gjiw.npz,3001,3401,400,6140,3069,3071,3139,-332,3471,0.39863732,0.6914005
GE.TNTI.BH.gfz2009frwm.npz,3001,16788,13787,6454,3664,2790,3453,-13124,16577,0.4106863,0.6598883
GE.FAKI.BH.gfz2009rpju.npz,3001,7524,4523,7454,7581,127,4453,57,4396,0.4259266,0.8555857
GE.SMRI.SH.gfz2015vcni.npz,3001,5268,2267,5258,5280,22,2257,12,2245,0.41923326,0.8589915
GE.SAUI.BL.gfz2010kolf.npz,3001,5639,2638,5503,6084,581,2502,445,2057,0.44823742,0.79127115
GE.UGM.SH.gfz2012atnm.npz,3001,4636,1635,4416,4585,169,1415,-51,1466,0.4436537,0.8334517
GE.PLAI.BH.gfz2019cznc.npz,3001,4889,1888,4364,5037,673,1363,148,1215,0.3985877,0.72691625
GE.TNTI.BH.gfz2013rzij.npz,3001,3400,399,4609,5701,1092,1608,2301,693,0.41562888,0.6767423
GE.SAUI.HH.gfz2009sufe.npz,3000,6495,3495,5196,5783,587,2196,-712,2908,0.39863852,0.66894877
GE.FAKI.HL.gfz2009bgxf.npz,3000,1497,1503,5890,15356,9466,2890,13859,10969,0.50550735,0.76460344
GE.SAUI.SH.gfz2021ubnw.npz,3000,3074,74,4858,5410,552,1858,2336,478,0.41658586,0.7409253
GE.TNTI.BL.gfz2013rzij.npz,3001,10548,7547,4609,5451,842,1608,-5097,6705,0.42141974,0.75950277
GE.UGM.SH.gfz2010fnia.npz,3000,5100,2100,4764,5107,343,1764,7,1757,0.44651616,0.75926733
GE.SMRI.BH.gfz2013jvgk.npz,3001,7164,4163,7004,7144,140,4003,-20,4023,0.39681774,0.65797794
GE.SMRI.BH.gfz2009boyf.npz,3002,6376,3374,6155,6267,112,3153,-109,3262,0.41474813,0.7649658
GE.LHMI.BL.gfz2013urpd.npz,3001,4835,1834,4666,4842,176,1665,7,1658,0.43858585,0.77839404
GE.MNAI.BH.gfz2010atkp.npz,3001,4267,1266,4187,4358,171,1186,91,1095,0.4939467,0.79501134
GE.FAKI.HH.gfz2009dkli.npz,3000,3123,123,12495,435,12060,9495,-2688,12183,0.42297545,0.7545746
GE.TNTI.HH.gfz2009qghs.npz,3000,5795,2795,5191,5363,172,2191,-432,2623,0.40755388,0.61386395
GE.MMRI.BH.gfz2013fkbz.npz,3002,3125,123,5505,5934,429,2503,2809,306,0.43110955,0.68659276
GE.TNTI.BH.gfz2010awor.npz,3001,7823,4822,7411,3605,3806,4410,-4218,8628,0.41512194,0.7191715
GE.TNTI.HL.gfz2009bmox.npz,3000,3112,112,5027,5546,519,2027,2434,407,0.45582947,0.6482086
GE.MMRI.BH.gfz2024wupd.npz,3002,3144,142,7870,3048,4822,4868,-96,4964,0.41003907,0.7759753
GE.UGM.BH.gfz2009ptvf.npz,3001,5272,2271,4988,5282,294,1987,10,1977,0.43967843,0.7113587
GE.TOLI2.SH.gfz2012yhuy.npz,3000,3047,47,11977,9461,2516,8977,6414,2563,0.3722246,0.5771634
GE.FAKI.BL.gfz2009avte.npz,3000,3310,310,8234,8462,228,5234,5152,82,0.471251,0.9450498
GE.LUWI.HL.gfz2009floe.npz,3000,431,2569,6111,6309,198,3111,5878,2767,0.5296122,0.86198545
GE.JAGI.BL.gfz2012rjfs.npz,3002,3320,318,5948,6932,984,2946,3612,666,0.4108058,0.6772944
GE.SOEI.BH.gfz2012heuj.npz,3001,3365,364,9064,10085,1021,6063,6720,657,0.381668,0.62901187
GE.TNTI.BH.gfz2024qrxn.npz,3001,5277,2276,4820,5109,289,1819,-168,1987,0.43637684,0.75273776
GE.SANI.SH.gfz2015thvg.npz,3000,3230,230,6552,3152,3400,3552,-78,3630,0.4310306,0.9354558
GE.TNTI.BH.gfz2009dseu.npz,3001,3410,409,6481,3336,3145,3480,-74,3554,0.3994447,0.73105735
GE.LUWI.SH.gfz2017cdvt.npz,3001,4527,1526,4261,4534,273,1260,7,1253,0.44788593,0.92066514
GE.GSI.SH.gfz2010wlnb.npz,3000,3269,269,5862,3277,2585,2862,8,2854,0.49402827,0.85746896
GE.MNAI.BL.gfz2013ydaj.npz,3000,5095,2095,4816,4969,153,1816,-126,1942,0.42473543,0.74988323
GE.GENI.SH.gfz2012nver.npz,3000,4063,1063,3965,4075,110,965,12,953,0.42886347,0.89063615
GE.LUWI.BH.gfz2009bjnh.npz,3001,3090,89,11853,729,11124,8852,-2361,11213,0.3805595,0.6883088
GE.UGM.BH.gfz2016dbtc.npz,3001,5545,2544,5389,5518,129,2388,-27,2415,0.41745105,0.7008577
GE.TOLI2.SH.gfz2025dlfh.npz,3000,5350,2350,5084,5486,402,2084,136,1948,0.43334946,0.7665859
GE.UGM.BH.gfz2010fnia.npz,3001,5139,2138,4765,5108,343,1764,-31,1795,0.45727667,0.76936877
GE.TOLI2.BL.gfz2025bymb.npz,3001,4628,1627,4214,4664,450,1213,36,1177,0.41752386,0.88309866
GE.PLAI.BL.gfz2012dcye.npz,3001,4203,1202,4107,4210,103,1106,7,1099,0.5018723,0.9577767
GE.FAKI.HL.gfz2009tkfn.npz,3000,3461,461,6328,6614,286,3328,3153,175,0.45439455,0.81721467
GE.SOEI.HH.gfz2009qfbt.npz,3000,3184,184,8523,3191,5332,5523,7,5516,0.40789318,0.63598716
GE.FAKI.SH.gfz2009zbqz.npz,3000,3215,215,8099,8244,145,5099,5029,70,0.46204376,0.7804365
GE.PLAI.BL.gfz2014ghxq.npz,3001,3623,622,5977,6441,464,2976,2818,158,0.42562327,0.71906996
GE.TOLI2.BH.gfz2024qmwb.npz,3001,3335,334,11311,3323,7988,8310,-12,8322,0.4227502,0.7225203
GE.PLAI.BH.gfz2025bckw.npz,3001,4736,1735,4563,4744,181,1562,8,1554,0.4399379,0.8462433
GE.MNAI.BH.gfz2013xmza.npz,3001,4068,1067,4007,4203,196,1006,135,871,0.4764703,0.8214164
GE.MNAI.HL.gfz2009rjtx.npz,3000,14624,11624,8202,8561,359,5202,-6063,11265,0.44290563,0.85070163
GE.GSI.SH.gfz2013cxen.npz,3000,6188,3188,5901,6052,151,2901,-136,3037,0.47213417,0.75660306
GE.UGM.BL.gfz2013crnj.npz,3001,5076,2075,4648,4778,130,1647,-298,1945,0.4490104,0.7768808
GE.UGM.SL.gfz2013ttpe.npz,3000,5061,2061,4938,5128,190,1938,67,1871,0.43312457,0.756204
GE.FAKI.BH.gfz2009aixg.npz,3001,2,2999,6068,8537,2469,3067,8535,5468,0.41042262,0.6136467
GE.FAKI.BL.gfz2009zbqz.npz,3001,3205,204,8100,3371,4729,5099,166,4933,0.45137134,0.86477345
GE.FAKI.BL.gfz2012cnkn.npz,3001,3373,372,6386,6552,166,3385,3179,206,0.43351132,0.80751127
GE.GSI.SH.gfz2021kfyy.npz,3000,5605,2605,5466,5713,247,2466,108,2358,0.45318198,0.8128056
GE.SMRI.HL.gfz2009boyf.npz,3000,16709,13709,6153,16707,10554,3153,-2,3155,0.52466434,0.89731514
GE.TNTI.HL.gfz2009agwc.npz,3000,836,2164,8357,3628,4729,5357,2792,2565,0.44388238,0.7888403
GE.BKNI.BH.gfz2012gitd.npz,3001,4517,1516,4376,4525,149,1375,8,1367,0.45257333,0.96797544
GE.SOEI.BL.gfz2025gvra.npz,3001,10036,7035,9939,10801,862,6938,765,6173,0.40214854,0.76227486
GE.LHMI.BL.gfz2011kyss.npz,3000,3162,162,4774,4836,62,1774,1674,100,0.46029988,0.7471454
GE.TNTI.BH.gfz2009hmmo.npz,3002,15453,12451,5880,356,5524,2878,-15097,17975,0.412024,0.7341586
GE.FAKI.HL.gfz2009ewtf.npz,3000,10445,7445,10975,13945,2970,7975,3500,4475,0.52273834,0.71952707
GE.FAKI.HH.gfz2009ayty.npz,3000,1366,1634,6316,6513,197,3316,5147,1831,0.3885757,0.64513785
GE.UGM.BL.gfz2009bbud.npz,3001,5524,2523,5427,5613,186,2426,89,2337,0.45930135,0.85763144
GE.UGM.SH.gfz2014kwfg.npz,3001,4755,1754,4692,4765,73,1691,10,1681,0.44899473,0.84005743
GE.SAUI.BL.gfz2013tulg.npz,3001,7459,4458,6696,7465,769,3695,6,3689,0.4390279,0.75165635
GE.UGM.BH.gfz2009bjnh.npz,3000,16998,13998,13085,9161,3924,10085,-7837,17922,0.36791444,0.60039556
GE.SANI.BH.gfz2011xxju.npz,3001,5510,2509,5398,5517,119,2397,7,2390,0.47668162,0.926055
GE.FAKI.HL.gfz2009nqxv.npz,3000,3206,206,7630,7915,285,4630,4709,79,0.44180718,0.91323066
GE.PLAI.SH.gfz2017culr.npz,3001,4512,1511,4408,4500,92,1407,-12,1419,0.43460318,0.9207708
GE.LUWI.BH.gfz2009floe.npz,3001,6312,3311,6112,6450,338,3111,138,2973,0.4209015,0.79631513
GE.SANI.SH.gfz2013grue.npz,3000,11708,8708,11086,3732,7354,8086,-7976,16062,0.43101293,0.75535583
GE.FAKI.BL.gfz2009cdlz.npz,3001,3155,154,7166,3245,3921,4165,90,4075,0.47123718,0.89867073
GE.MMRI.BH.gfz2013ribh.npz,3001,4709,1708,4455,4574,119,1454,-135,1589,0.41344643,0.70764726
GE.LHMI.HL.gfz2009epev.npz,3000,4747,1747,4127,4659,532,1127,-88,1215,0.4322449,0.9281908
GE.TNTI.BL.gfz2009qgjm.npz,3001,5120,2119,4572,5184,612,1571,64,1507,0.42746603,0.68999255
GE.MMRI.BL.gfz2013hbue.npz,3001,7139,4138,6668,7121,453,3667,-18,3685,0.4591641,0.7901073
GE.JAGI.BL.gfz2009zipp.npz,3001,7432,4431,7122,7476,354,4121,44,4077,0.4309311,0.8016922
GE.BNDI.BL.gfz2017bxmp.npz,3001,3362,361,5531,5869,338,2530,2507,23,0.41170037,0.8253352
GE.GSI.BH.gfz2022twah.npz,3001,4437,1436,3922,4557,635,921,120,801,0.48239112,0.82429856
GE.MMRI.BH.gfz2022sqkl.npz,3001,3052,51,6512,4187,2325,3511,1135,2376,0.42114982,0.70459944
GE.TNTI.HH.gfz2009agwc.npz,3000,3535,535,8357,3713,4644,5357,178,5179,0.46074095,0.75245297
GE.MNAI.SH.gfz2021lyjz.npz,3001,2,2999,3840,4301,461,839,4299,3460,0.56457996,0.68568456
GE.FAKI.HL.gfz2009aczt.npz,3000,3133,133,13085,3270,9815,10085,137,9948,0.47917652,0.84981656
GE.FAKI.BH.gfz2010kolf.npz,3000,8302,5302,8220,8233,13,5220,-69,5289,0.44087574,0.955988
GE.LUWI.SH.gfz2024hdte.npz,3001,1660,1341,10475,1689,8786,7474,29,7445,0.433256,0.76007485
GE.SOEI.HH.gfz2009rpju.npz,3000,11521,8521,10618,3865,6753,7618,-7656,15274,0.37939972,0.71315366
GE.PLAI.BH.gfz2014esmj.npz,3001,3744,743,6214,3691,2523,3213,-53,3266,0.3929337,0.6575798
GE.PLAI.SH.gfz2022sqkl.npz,3001,5212,2211,5093,5218,125,2092,6,2086,0.48321638,0.9393501
GE.FAKI.BL.gfz2009ayty.npz,3000,3326,326,6316,6545,229,3316,3219,97,0.43251458,0.7667724
GE.PMBI.BL.gfz2011swwe.npz,3000,15373,12373,5673,15477,9804,2673,104,2569,0.47164842,0.8631928
GE.UGM.BL.gfz2010bjpa.npz,3001,6976,3975,6717,7480,763,3716,504,3212,0.43931425,0.7761831
GE.TNTI.HH.gfz2009algf.npz,3000,3332,332,4726,3342,1384,1726,10,1716,0.42153564,0.89050597
GE.TNTI.BH.gfz2020iwiv.npz,3001,823,2178,4420,5166,746,1419,4343,2924,0.4108285,0.6627579
GE.TNTI.SH.gfz2014hjch.npz,3001,4827,1826,4447,5022,575,1446,195,1251,0.39907756,0.7143312
GE.LUWI.BL.gfz2012rszr.npz,3001,6484,3483,6320,6427,107,3319,-57,3376,0.47153443,0.92611104
GE.GSI.BH.gfz2022gjiw.npz,3000,3059,59,5410,5613,203,2410,2554,144,0.5019405,0.8651352
GE.TOLI2.SH.gfz2025bymb.npz,3001,4587,1586,4214,5,4209,1213,-4582,5795,0.40880474,0.9679574
GE.SOEI.BL.gfz2025dcky.npz,3000,4208,1208,9361,3545,5816,6361,-663,7024,0.4218609,0.70000196
GE.TNTI.BH.gfz2017ayqr.npz,3001,4889,1888,4346,4795,449,1345,-94,1439,0.39903083,0.7166423
GE.TNTI.SH.gfz2014jcyq.npz,3000,3054,54,7235,7885,650,4235,4831,596,0.44104803,0.8348148
GE.SAUI.SH.gfz2013aruy.npz,3000,3143,143,5769,3161,2608,2769,18,2751,0.44319636,0.79112077
GE.TNTI.BH.gfz2009czsb.npz,3001,1296,1705,6556,867,5689,3555,-429,3984,0.39029017,0.67122495
GE.PLAI.BH.gfz2019usec.npz,3001,4312,1311,4222,4283,61,1221,-29,1250,0.4236372,0.92152876
GE.GSI.BH.gfz2009cktz.npz,3001,187,2814,5152,193,4959,2151,6,2145,0.39943206,0.73622286
GE.MNAI.HL.gfz2009mwyd.npz,3000,3180,180,5775,3186,2589,2775,6,2769,0.4494809,0.8168281
GE.FAKI.BL.gfz2009agmj.npz,3001,6675,3674,6180,6569,389,3179,-106,3285,0.4356538,0.7235548
GE.FAKI.SH.gfz2014fbzr.npz,3000,6755,3755,5986,6877,891,2986,122,2864,0.40846962,0.6772817
GE.UGM.BL.gfz2012uneo.npz,3002,3532,530,6799,6976,177,3797,3444,353,0.4349595,0.7470289
GE.SAUI.BH.gfz2016mcqf.npz,3001,6549,3548,5266,6073,807,2265,-476,2741,0.40407023,0.68794644
GE.MMRI.BH.gfz2009efga.npz,3001,3867,866,9775,10222,447,6774,6355,419,0.40735874,0.6379399
GE.BBJI.BL.gfz2018bubc.npz,3001,5301,2300,4926,5069,143,1925,-232,2157,0.42392662,0.8803864
GE.PLAI.BL.gfz2013sril.npz,3001,3332,331,5556,3337,2219,2555,5,2550,0.45446151,0.7104823
GE.SANI.BH.gfz2013nflx.npz,3001,3156,155,8963,3203,5760,5962,47,5915,0.48111126,0.8885055
GE.PLAI.SH.gfz2025bmwa.npz,3001,3033,32,5233,3017,2216,2232,-16,2248,0.47159335,0.84408826
GE.MMRI.BH.gfz2009ilut.npz,3002,3351,349,9477,1669,7808,6475,-1682,8157,0.41599903,0.8091657
GE.GSI.BL.gfz2016rfim.npz,3001,5244,2243,4568,5480,912,1567,236,1331,0.43605605,0.7827054
GE.BBJI.BH.gfz2024xqwc.npz,3001,4131,1130,4051,4078,27,1050,-53,1103,0.44549,0.80661714
GE.TNTI.HL.gfz2009waho.npz,3000,803,2197,5791,3332,2459,2791,2529,262,0.440786,0.71944314
GE.TNTI.BH.gfz2009eqqh.npz,3001,744,2257,4182,4653,471,1181,3909,2728,0.39945015,0.70585
GE.JAGI.BH.gfz2009ruvn.npz,3001,4123,1122,7304,12181,4877,4303,8058,3755,0.4236509,0.64268583
GE.JAGI.HH.gfz2009bkhv.npz,3000,6201,3201,5823,5920,97,2823,-281,3104,0.43635717,0.7272853
GE.TNTI.BH.gfz2024fmvg.npz,3002,62,2940,4405,829,3576,1403,767,636,0.41256598,0.83699423
GE.SAUI.BL.gfz2020iiaf.npz,3001,3124,123,4910,5560,650,1909,2436,527,0.443111,0.830394
GE.PLAI.SL.gfz2019qkjz.npz,3000,4689,1689,4496,4697,201,1496,8,1488,0.48151088,0.92656785
GE.BNDI.SH.gfz2009yode.npz,3001,5924,2923,5360,5945,585,2359,21,2338,0.4164278,0.67829245
GE.UGM.BH.gfz2010teou.npz,3001,3653,652,7812,7937,125,4811,4284,527,0.4143242,0.7129435
GE.SAUI.BL.gfz2009sufe.npz,3001,6608,3607,5197,5773,576,2196,-835,3031,0.40723825,0.68681633
GE.GSI.SH.gfz2012nrpy.npz,3000,6199,3199,9273,6210,3063,6273,11,6262,0.41791382,0.7759535
GE.SMRI.BH.gfz2018hcuv.npz,3001,5617,2616,5522,5626,104,2521,9,2512,0.43371978,0.89580137
GE.TNTI.BL.gfz2009dijd.npz,3002,7423,4421,5353,5477,124,2351,-1946,4297,0.40625408,0.7218136
GE.SANI.BL.gfz2015thvg.npz,3001,6708,3707,6553,3149,3404,3552,-3559,7111,0.49005875,0.8603972
GE.TNTI.BL.gfz2010abbl.npz,3001,5581,2580,4743,5494,751,1742,-87,1829,0.43544632,0.73270863
GE.FAKI.BH.gfz2009oubh.npz,3001,9058,6057,8632,8787,155,5631,-271,5902,0.4410374,0.9182844
GE.TNTI.BH.gfz2009eavu.npz,3002,4743,1741,8073,8578,505,5071,3835,1236,0.41330525,0.6901837
GE.TNTI.BH.gfz2016mexu.npz,3002,4772,1770,3915,4924,1009,913,152,761,0.4041495,0.6421301
GE.UGM.SH.gfz2015kylx.npz,3001,5121,2120,5107,5137,30,2106,16,2090,0.4196262,0.78022885
GE.UGM.BL.gfz2009boyf.npz,3001,3266,265,6030,3256,2774,3029,-10,3039,0.47007212,0.8092525
GE.FAKI.SH.gfz2024quvs.npz,3001,9382,6381,8616,9927,1311,5615,545,5070,0.40675688,0.6742489
GE.FAKI.BH.gfz2009rhsi.npz,3001,3213,212,7017,7250,233,4016,4037,21,0.434175,0.72793406
GE.BNDI.BH.gfz2025fwkg.npz,3001,16998,13997,5529,85,5444,2528,-16913,19441,0.46341488,0.71487683
GE.FAKI.BL.gfz2013avzn.npz,3001,3100,99,7374,7549,175,4373,4449,76,0.4652636,0.9448754
GE.FAKI.HL.gfz2009blcy.npz,3000,3411,411,5905,6374,469,2905,2963,58,0.47783518,0.70794064
GE.GSI.BH.gfz2025cdqz.npz,3001,5755,2754,5079,7742,2663,2078,1987,91,0.3805996,0.6503645
GE.TNTI.BH.gfz2009bmox.npz,3002,1104,1898,5029,1070,3959,2027,-34,2061,0.40026137,0.75979143
GE.LUWI.BL.gfz2013qwcb.npz,3000,7132,4132,6053,3933,2120,3053,-3199,6252,0.42397037,0.7059522
GE.TNTI.HH.gfz2009fgfn.npz,3000,7236,4236,6548,7253,705,3548,17,3531,0.37274206,0.61568063
GE.LUWI.BH.gfz2017ukwz.npz,3001,4426,1425,4249,4390,141,1248,-36,1284,0.47249484,0.90593445
GE.PLAI.SH.gfz2017nlxf.npz,3001,4979,1978,4473,4820,347,1472,-159,1631,0.46329075,0.7413323
GE.LUWI.BH.gfz2012widq.npz,3001,5461,2460,5219,5469,250,2218,8,2210,0.42874375,0.67670405
GE.MNAI.BL.gfz2013uvlo.npz,3002,4154,1152,7637,8348,711,4635,4194,441,0.4476036,0.7917296
GE.MMRI.SH.gfz2012rbpj.npz,3001,16998,13997,10204,5001,5203,7203,-11997,19200,0.3876286,0.6330903
GE.UGM.SH.gfz2012cipp.npz,3000,5432,2432,4696,4777,81,1696,-655,2351,0.42130262,0.84939975
GE.GSI.SH.gfz2016rfim.npz,3001,5250,2249,4568,14341,9773,1567,9091,7524,0.39912963,0.6126097
GE.SANI.SH.gfz2010ghiq.npz,3000,5248,2248,9709,4631,5078,6709,-617,7326,0.40081158,0.63276255
GE.FAKI.BH.gfz2018qtuf.npz,3001,3085,84,5929,6096,167,2928,3011,83,0.4834603,0.8974024
GE.TOLI2.SH.gfz2014iwpt.npz,3000,6289,3289,6161,6638,477,3161,349,2812,0.40799433,0.6621084
GE.BNDI.BH.gfz2025dcky.npz,3001,1180,1821,6294,3313,2981,3293,2133,1160,0.39986217,0.7647893
GE.FAKI.BL.gfz2010abkc.npz,3001,8103,5102,7816,8245,429,4815,142,4673,0.49414676,0.84706026
GE.GSI.BH.gfz2012hidg.npz,3001,5547,2546,5178,5532,354,2177,-15,2192,0.4499077,0.82246906
GE.SOEI.BL.gfz2014mnzy.npz,3001,5625,2624,4703,5469,766,1702,-156,1858,0.405778,0.70062214
GE.FAKI.HL.gfz2009byjb.npz,3000,15097,12097,7194,7270,76,4194,-7827,12021,0.50727236,0.9136645
GE.MNAI.BL.gfz2020wrfa.npz,3001,3989,988,3937,4040,103,936,51,885,0.5081693,0.7518269
GE.JAGI.BL.gfz2023qwer.npz,3001,3364,363,8565,3374,5191,5564,10,5554,0.44394162,0.8301673
GE.PLAI.SH.gfz2025ghay.npz,3000,3184,184,4791,3033,1758,1791,-151,1942,0.46388772,0.904508
GE.MNAI.SH.gfz2009xyqn.npz,3000,4204,1204,4085,4177,92,1085,-27,1112,0.43337682,0.8498113
GE.JAGI.HH.gfz2009bjnh.npz,3000,3931,931,13085,8361,4724,10085,4430,5655,0.3880726,0.6491546
GE.BNDI.BL.gfz2010ghiq.npz,3001,3601,600,5661,7033,1372,2660,3432,772,0.4337759,0.7526794
GE.JAGI.SH.gfz2024wupd.npz,3001,16609,13608,10182,10793,611,7181,-5816,12997,0.41906163,0.66463095
GE.TNTI.BL.gfz2009sidp.npz,3001,5504,2503,4938,5050,112,1937,-454,2391,0.4215728,0.7036416
GE.FAKI.BH.gfz2012xahl.npz,3001,6587,3586,6339,6492,153,3338,-95,3433,0.46916908,0.83504033
GE.FAKI.HL.gfz2009ennn.npz,3000,8148,5148,7655,13702,6047,4655,5554,899,0.4749776,0.80133265
GE.UGM.HH.gfz2009inbh.npz,3000,4032,1032,5968,6665,697,2968,2633,335,0.402296,0.70589715
GE.UGM.HL.gfz2009bbud.npz,3000,5525,2525,5426,5614,188,2426,89,2337,0.43576035,0.7482047
GE.MNAI.SH.gfz2012wvgj.npz,3000,5696,2696,5307,5347,40,2307,-349,2656,0.4436687,0.8235552
GE.PLAI.SH.gfz2012qetk.npz,3001,3117,116,7071,7293,222,4070,4176,106,0.41427925,0.8036532
GE.FAKI.BL.gfz2009bjnh.npz,3001,3092,91,6603,6733,130,3602,3641,39,0.47658333,0.9034564
GE.MNAI.BL.gfz2009pxkx.npz,3002,9732,6730,6811,7016,205,3809,-2716,6525,0.41948733,0.7553823
GE.UGM.SL.gfz2010cvnw.npz,3000,6731,3731,4749,6697,1948,1749,-34,1783,0.43905935,0.84486544
GE.SANI.BL.gfz2025ewvp.npz,3001,16196,13195,10172,7024,3148,7171,-9172,16343,0.4023291,0.6688903
GE.UGM.BH.gfz2010cvnw.npz,3001,5140,2139,4750,6720,1970,1749,1580,169,0.40509757,0.8593077
GE.LUWI.SH.gfz2013fqap.npz,3001,4855,1854,4552,4562,10,1551,-293,1844,0.4213737,0.83952236
GE.SANI.BL.gfz2013ykdd.npz,3001,11659,8658,11532,3180,8352,8531,-8479,17010,0.4367993,0.8226533
GE.BKNI.SH.gfz2019ckqw.npz,3001,15153,12152,4922,4945,23,1921,-10208,12129,0.41997623,0.7297209
GE.UGM.SH.gfz2014ojjv.npz,3000,3157,157,4895,5237,342,1895,2080,185,0.3957537,0.8053603
GE.TOLI2.SH.gfz2024vdim.npz,3000,3243,243,11193,12813,1620,8193,9570,1377,0.38454506,0.6140039
GE.TNTI.BL.gfz2017sglz.npz,3002,3280,278,4663,5727,1064,1661,2447,786,0.4230248,0.74697304
GE.BNDI.BH.gfz2024urkq.npz,3001,146,2855,8448,272,8176,5447,126,5321,0.38282052,0.6149514
GE.FAKI.BL.gfz2010gdlm.npz,3001,8103,5102,7888,7957,69,4887,-146,5033,0.45815894,0.8384128
GE.FAKI.HH.gfz2009bjlo.npz,3000,214,2786,5960,6011,51,2960,5797,2837,0.39714977,0.7657865
GE.LHMI.SH.gfz2010wlnb.npz,3000,3035,35,5103,5148,45,2103,2113,10,0.41862318,0.9452989
GE.SANI.BH.gfz2013yfsc.npz,3001,3262,261,10540,3297,7243,7539,35,7504,0.432008,0.77468956
GE.SANI.SH.gfz2010occd.npz,3000,3472,472,7024,7514,490,4024,4042,18,0.45077494,0.8635087
GE.TNTI.BH.gfz2009fgfn.npz,3001,7237,4236,6549,7253,704,3548,16,3532,0.3810423,0.6167442
GE.LUWI.BH.gfz2012xqdd.npz,3001,12829,9828,9250,7426,1824,6249,-5403,11652,0.4014737,0.63623536
GE.LUWI.BL.gfz2013fqap.npz,3001,5061,2060,4552,5067,515,1551,6,1545,0.4617669,0.8452972
GE.FAKI.SH.gfz2014ubqb.npz,3001,15426,12425,6766,6819,53,3765,-8607,12372,0.44872078,0.82700485
GE.TOLI2.BH.gfz2024krts.npz,3001,3293,292,6470,3697,2773,3469,404,3065,0.42040747,0.8163504
GE.TNTI.SH.gfz2016mexu.npz,3000,4770,1770,3913,4342,429,913,-428,1341,0.40765187,0.64144427
GE.FAKI.SH.gfz2009yode.npz,3001,3190,189,5932,6128,196,2931,2938,7,0.4404005,0.869598
GE.TNTI.BL.gfz2012rrwm.npz,3000,6182,3182,5826,6470,644,2826,288,2538,0.44520873,0.8329952
GE.SANI.BL.gfz2010awor.npz,3001,3180,179,7397,7451,54,4396,4271,125,0.46075025,0.86549455
GE.TOLI2.SH.gfz2018hbkr.npz,3001,5227,2226,5160,5236,76,2159,9,2150,0.498268,0.97118294
GE.FAKI.HL.gfz2009bjnh.npz,3000,3131,131,6602,6733,131,3602,3602,0,0.44301015,0.93758744
GE.GENI.BH.gfz2018umjj.npz,3001,3122,121,4466,4513,47,1465,1391,74,0.4021769,0.68657064
GE.UGM.BL.gfz2012lnpl.npz,3001,5371,2370,4805,5117,312,1804,-254,2058,0.46203542,0.7826302
GE.TNTI.BL.gfz2009floe.npz,3001,7919,4918,7647,3313,4334,4646,-4606,9252,0.44259796,0.81279117
GE.GENI.BL.gfz2012nver.npz,3001,3967,966,3966,4069,103,965,102,863,0.4261154,0.870633
GE.SOEI.SH.gfz2018hode.npz,3001,1006,1995,3731,3853,122,730,2847,2117,0.41114518,0.72039366
GE.UGM.HH.gfz2009ptvf.npz,3000,5272,2272,4987,5281,294,1987,9,1978,0.43999937,0.7189242
GE.LUWI.BH.gfz2009ayxo.npz,3001,2963,38,8473,8687,214,5472,5724,252,0.40403685,0.7195523
GE.FAKI.BL.gfz2009brqi.npz,3001,7192,4191,7069,7229,160,4068,37,4031,0.49311435,0.9242182
GE.MNAI.BH.gfz2010veze.npz,3001,5096,2095,4500,4770,270,1499,-326,1825,0.4433044,0.74958605
GE.MMRI.HL.gfz2009iayl.npz,3000,12275,9275,8269,12516,4247,5269,241,5028,0.43986845,0.61328566
GE.MNAI.SH.gfz2013mcso.npz,3001,5494,2493,5415,5500,85,2414,6,2408,0.44831833,0.83406544
GE.GSI.BL.gfz2015bvov.npz,3001,4000,999,3885,4023,138,884,23,861,0.41893455,0.822651
GE.TNTI.HL.gfz2009qsnk.npz,3000,537,2463,7319,7900,581,4319,7363,3044,0.46852842,0.75433373
GE.SOEI.BL.gfz2023jjmg.npz,3000,3428,428,8761,3408,5353,5761,-20,5781,0.42173806,0.68787825
GE.BKB.SH.gfz2023qwer.npz,3001,3655,654,10770,12177,1407,7769,8522,753,0.36372504,0.6166985
GE.TNTI.SH.gfz2018lwgs.npz,3001,727,2274,7595,8545,950,4594,7818,3224,0.3952807,0.615206
GE.SOEI.SH.gfz2013pyhb.npz,3000,11051,8051,9330,10185,855,6330,-866,7196,0.38709527,0.6113072
GE.PLAI.BL.gfz2014esmj.npz,3001,6460,3459,6214,6821,607,3213,361,2852,0.4259018,0.7440926
GE.JAGI.HH.gfz2009bbud.npz,3000,3427,427,8660,9541,881,5660,6114,454,0.40411204,0.6754393
GE.TNTI.HH.gfz2009dseu.npz,3000,3416,416,6480,3333,3147,3480,-83,3563,0.40812355,0.7279231
GE.TOLI2.BL.gfz2024cmtg.npz,3001,4363,1362,4168,4258,90,1167,-105,1272,0.46691278,0.7972309
GE.SANI.SH.gfz2023kcmg.npz,3000,7347,4347,9600,6605,2995,6600,-742,7342,0.3679088,0.627377
GE.TOLI2.BH.gfz2025dygb.npz,3001,5320,2319,8049,11421,3372,5048,6101,1053,0.36610577,0.6877781
GE.LUWI.BL.gfz2009qgjm.npz,3002,3960,958,8471,10805,2334,5469,6845,1376,0.42007428,0.7064877
GE.SOEI.HH.gfz2010kolf.npz,3000,16729,13729,9897,16583,6686,6897,-146,7043,0.46066478,0.8400393
GE.LUWI.SH.gfz2024fyvc.npz,3000,1459,1541,6674,8426,1752,3674,6967,3293,0.45252916,0.70124674
GE.TNTI.HL.gfz2009bjnh.npz,3000,15455,12455,9468,4467,5001,6468,-10988,17456,0.4625474,0.6556609
GE.BBJI.SH.gfz2024imhv.npz,3001,3891,890,13085,3833,9252,10084,-58,10142,0.38441226,0.64373493
GE.TNTI.BH.gfz2014hjch.npz,3001,4684,1683,4447,4453,6,1446,-231,1677,0.4005812,0.7181879
GE.GSI.SH.gfz2010ncnk.npz,3000,3069,69,5452,5685,233,2452,2616,164,0.5186063,0.7935766
GE.SANI.SH.gfz2010antw.npz,3000,3409,409,7367,3417,3950,4367,8,4359,0.46454182,0.9342663
GE.JAGI.BH.gfz2024wupd.npz,3000,3534,534,10181,10793,612,7181,7259,78,0.39803883,0.6675912
GE.TNTI.HL.gfz2012atdb.npz,3000,3531,531,7513,7836,323,4513,4305,208,0.46452782,0.7387335
GE.PLAI.BH.gfz2013vwga.npz,3001,3092,91,3381,3477,96,380,385,5,0.42385998,0.89499927
GE.TOLI2.SH.gfz2024stnc.npz,3000,3091,91,6049,6169,120,3049,3078,29,0.40535247,0.70894617
GE.JAGI.BH.gfz2023gnmu.npz,3000,5081,2081,4953,5065,112,1953,-16,1969,0.45259726,0.8421873
GE.MMRI.SH.gfz2013ribh.npz,3000,4363,1363,4454,4628,174,1454,265,1189,0.4000823,0.71020746
GE.TNTI.BL.gfz2017ayqr.npz,3001,4968,1967,4346,4792,446,1345,-176,1521,0.43101832,0.9001513
GE.TOLI2.BH.gfz2024cmtg.npz,3001,4420,1419,4168,4320,152,1167,-100,1267,0.41389897,0.8726342
GE.SAUI.BH.gfz2013qvir.npz,3001,7409,4408,6882,7857,975,3881,448,3433,0.4161156,0.7593541
GE.UGM.BH.gfz2009rejp.npz,3002,4749,1747,6607,12609,6002,3605,7860,4255,0.38762555,0.61875004
GE.SMRI.SH.gfz2012uneo.npz,3000,3515,515,6917,10445,3528,3917,6930,3013,0.41782862,0.6557117
GE.TOLI2.BL.gfz2024vdim.npz,3001,3584,583,11194,4008,7186,8193,424,7769,0.41342023,0.6474062
GE.JAGI.SH.gfz2018mwlr.npz,3001,5013,2012,4850,4939,89,1849,-74,1923,0.43891782,0.84618455
GE.PLAI.BH.gfz2019qkjz.npz,3001,4652,1651,4497,4845,348,1496,193,1303,0.4374924,0.8196341
GE.PLAI.BH.gfz2025amik.npz,3001,5332,2331,5068,5196,128,2067,-136,2203,0.39811024,0.85088325
GE.MMRI.BH.gfz2025fwkg.npz,3002,3329,327,12144,3996,8148,9142,667,8475,0.41282588,0.69667745
GE.BNDI.BL.gfz2023dips.npz,3002,3781,779,6333,3533,2800,3331,-248,3579,0.42576265,0.73520267
GE.MNAI.BL.gfz2018yajs.npz,3001,5360,2359,4976,5305,329,1975,-55,2030,0.45366377,0.76876044
GE.TOLI2.BH.gfz2017zisk.npz,3001,3900,899,3614,3850,236,613,-50,663,0.45049477,0.74212605
GE.SANI.BH.gfz2025ewvp.npz,3001,6291,3290,10172,8185,1987,7171,1894,5277,0.3842402,0.5960987
GE.PLAI.BL.gfz2017ddhx.npz,3001,6335,3334,6218,6402,184,3217,67,3150,0.4662242,0.8177606
GE.UGM.SL.gfz2015vcni.npz,3000,4840,1840,4541,4606,65,1541,-234,1775,0.4269885,0.79715174
GE.LUWI.BH.gfz2013ghxx.npz,3001,3085,84,5045,5069,24,2044,1984,60,0.45794803,0.87757033
GE.FAKI.BH.gfz2025dcky.npz,3001,3105,104,8234,8578,344,5233,5473,240,0.41176206,0.8843347
GE.SMRI.BL.gfz2010ddjw.npz,3000,8262,5262,6484,8424,1940,3484,162,3322,0.41947377,0.7615358
GE.UGM.BL.gfz2009rejp.npz,3002,3393,391,6607,3424,3183,3605,31,3574,0.46100122,0.69586474
GE.UGM.BH.gfz2015vcni.npz,3001,4944,1943,4542,4566,24,1541,-378,1919,0.41967243,0.7520128
GE.FAKI.SH.gfz2010ghiq.npz,3000,7635,4635,7380,7479,99,4380,-156,4536,0.45333093,0.8792769
GE.JAGI.SH.gfz2025bckw.npz,3000,8121,5121,6921,8041,1120,3921,-80,4001,0.40325573,0.7140382
GE.PLAI.SH.gfz2018hcmv.npz,3001,4448,1447,4252,4269,17,1251,-179,1430,0.4504682,0.9418253
GE.SANI.BL.gfz2024imhv.npz,3001,3097,96,7927,3338,4589,4926,241,4685,0.4579576,0.7865309
GE.SAUI.BL.gfz2009rpju.npz,3001,6168,3167,5302,6025,723,2301,-143,2444,0.40868962,0.8347348
GE.TNTI.BL.gfz2009zjqg.npz,3001,6365,3364,5763,6278,515,2762,-87,2849,0.4595771,0.762105
GE.FAKI.HL.gfz2009bjlo.npz,3000,3292,292,5960,6111,151,2960,2819,141,0.48854807,0.8415275
GE.TNTI.BH.gfz2011ywdf.npz,3001,3195,194,4745,3182,1563,1744,-13,1757,0.43475854,0.8113852
GE.TNTI.BH.gfz2012yhuy.npz,3002,16998,13996,7569,5141,2428,4567,-11857,16424,0.40277627,0.71057785
GE.SANI.SH.gfz2022bkjt.npz,3000,3224,224,8592,8711,119,5592,5487,105,0.4120649,0.6994399
GE.GSI.BL.gfz2021jpkx.npz,3001,3055,54,4984,3063,1921,1983,8,1975,0.5166683,0.75557524
GE.BNDI.SH.gfz2024urkq.npz,3001,839,2162,8448,774,7674,5447,-65,5512,0.4147325,0.62662363
GE.JAGI.BL.gfz2012rjhn.npz,3001,3081,80,5778,3121,2657,2777,40,2737,0.4287024,0.8641035
GE.UGM.BL.gfz2009npjw.npz,3001,6035,3034,5551,6110,559,2550,75,2475,0.42151716,0.73403996
GE.UGM.BL.gfz2018iouz.npz,3001,3376,375,5081,5174,93,2080,1798,282,0.4002185,0.7516511
GE.SANI.BL.gfz2022xote.npz,3001,3343,342,6702,7330,628,3701,3987,286,0.43599018,0.8653659
GE.SOEI.BH.gfz2025fshn.npz,3001,3448,447,8695,3230,5465,5694,-218,5912,0.41055995,0.6642608
GE.JAGI.BL.gfz2014esmj.npz,3001,4767,1766,4598,4881,283,1597,114,1483,0.46275082,0.8742264
GE.TNTI.HH.gfz2009pyad.npz,3000,3969,969,7692,3741,3951,4692,-228,4920,0.41275626,0.74030244
GE.GSI.BH.gfz2010yvmm.npz,3001,3059,58,5890,3048,2842,2889,-11,2900,0.46369773,0.74981
GE.BNDI.SH.gfz2021jacz.npz,3000,3030,30,4993,5945,952,1993,2915,922,0.40975046,0.6189653
GE.JAGI.BH.gfz2012qetk.npz,3001,4610,1609,4295,4401,106,1294,-209,1503,0.4353596,0.831994
GE.TNTI.BL.gfz2009dctr.npz,3002,7567,4565,6920,7461,541,3918,-106,4024,0.40851194,0.6864757
GE.BBJI.SH.gfz2024kkci.npz,3000,3159,159,8116,3263,4853,5116,104,5012,0.40817747,0.68288106
GE.SAUI.BL.gfz2014brdi.npz,3001,5283,2282,4658,5290,632,1657,7,1650,0.434837,0.7814126
GE.LHMI.BH.gfz2016xzgq.npz,3001,3112,111,4119,5049,930,1118,1937,819,0.4181458,0.73995787
GE.LHMI.SH.gfz2013qpmq.npz,3000,4817,1817,7921,8153,232,4921,3336,1585,0.40697512,0.62964594
GE.PLAI.SH.gfz2012ilqg.npz,3000,3113,113,4887,5084,197,1887,1971,84,0.43991265,0.7794067
GE.TOLI2.SH.gfz2013ghxx.npz,3000,3392,392,6552,7257,705,3552,3865,313,0.41543797,0.6746877
GE.TNTI.SH.gfz2014emyz.npz,3000,5919,2919,8137,8837,700,5137,2918,2219,0.41455126,0.66909176
GE.BNDI.BL.gfz2012xahl.npz,3001,5893,2892,5813,6027,214,2812,134,2678,0.4631458,0.8043817
GE.SOEI.BH.gfz2012amyi.npz,3001,3423,422,10378,3521,6857,7377,98,7279,0.3845924,0.68759817
GE.SOEI.BH.gfz2010kolf.npz,3001,3328,327,9898,9921,23,6897,6593,304,0.39008874,0.72480106
GE.FAKI.SH.gfz2025dcky.npz,3001,8512,5511,8234,8578,344,5233,66,5167,0.44508505,0.8779313
GE.JAGI.HL.gfz2009bkhv.npz,3000,6062,3062,5823,5940,117,2823,-122,2945,0.40869886,0.7603582
GE.MMRI.SH.gfz2025fwkg.npz,3001,3328,327,12143,3996,8147,9142,668,8474,0.40548477,0.7109888
GE.JAGI.BH.gfz2009bbud.npz,3001,9521,6520,8661,9541,880,5660,20,5640,0.41078684,0.67155516
GE.SOEI.BL.gfz2013tulg.npz,3002,3348,346,8351,3764,4587,5349,416,4933,0.42327812,0.7223033
GE.SOEI.HL.gfz2009psbv.npz,3000,3060,60,8427,8911,484,5427,5851,424,0.45640665,0.6958158
GE.FAKI.HH.gfz2009amcp.npz,3000,3147,147,6069,6593,524,3069,3446,377,0.38932848,0.6762936
GE.SAUI.BL.gfz2012rbpj.npz,3001,7271,4270,5751,4244,1507,2750,-3027,5777,0.3995647,0.6440686
GE.JAGI.BL.gfz2013jndg.npz,3001,3096,95,6825,7138,313,3824,4042,218,0.48503372,0.8460293
GE.MMRI.BL.gfz2009ilut.npz,3002,7813,4811,9477,5473,4004,6475,-2340,8815,0.41406864,0.7405135
GE.TNTI.HH.gfz2009floe.npz,3000,3394,394,7646,8174,528,4646,4780,134,0.42205134,0.7614035
GE.BBJI.SH.gfz2024tufl.npz,3001,3061,60,6501,3297,3204,3500,236,3264,0.41131794,0.82382274
GE.PLAI.SH.gfz2018pmjk.npz,3001,5795,2794,5199,5601,402,2198,-194,2392,0.37112838,0.62316513
GE.PLAI.BH.gfz2023sjso.npz,3001,3072,71,4414,4528,114,1413,1456,43,0.43939078,0.97541785
GE.UGM.BL.gfz2013ttpe.npz,3000,5088,2088,4938,5128,190,1938,40,1898,0.42378718,0.74699235
GE.SMRI.BH.gfz2013qeoy.npz,3001,6436,3435,5994,3276,2718,2993,-3160,6153,0.40050402,0.6939233
GE.UGM.BL.gfz2012kaia.npz,3001,4641,1640,4409,4646,237,1408,5,1403,0.44499072,0.7782444
GE.BNDI.BL.gfz2023jjmg.npz,3002,3843,841,11087,3585,7502,8085,-258,8343,0.39980844,0.8129948
GE.FAKI.SH.gfz2014genx.npz,3001,3283,282,6226,6625,399,3225,3342,117,0.39849836,0.67064583
GE.LUWI.BL.gfz2009boun.npz,3002,4417,1415,4399,4425,26,1397,8,1389,0.50320625,0.97398293
GE.TNTI.SH.gfz2014fzbl.npz,3000,3059,59,4712,5049,337,1712,1990,278,0.37721527,0.6173965
GE.FAKI.SH.gfz2011ycjg.npz,3000,3424,424,9819,3869,5950,6819,445,6374,0.42148462,0.68213713
GE.TNTI.SH.gfz2013udpf.npz,3001,5685,2684,4565,5851,1286,1564,166,1398,0.40588433,0.66574043
GE.LUWI.BL.gfz2011xxju.npz,3001,3763,762,8322,3689,4633,5321,-74,5395,0.44625443,0.7747725
GE.LUWI.BH.gfz2009itjx.npz,3001,3444,443,8637,3613,5024,5636,169,5467,0.46921632,0.72895545
GE.SANI.BH.gfz2024hgro.npz,3001,3433,432,7988,3464,4524,4987,31,4956,0.39325786,0.6644041
GE.SANI.SH.gfz2011xxju.npz,3001,3122,121,5398,5520,122,2397,2398,1,0.46684027,0.8455777
GE.GSI.BL.gfz2010ncnk.npz,3001,3064,63,5453,5683,230,2452,2619,167,0.48018956,0.80286324
GE.UGM.SH.gfz2011yfab.npz,3001,3915,914,6670,6848,178,3669,2933,736,0.39805594,0.73299754
GE.SANI.SH.gfz2013ucyl.npz,3001,3093,92,9919,3018,6901,6918,-75,6993,0.3949371,0.6352426
GE.GSI.BH.gfz2009dygp.npz,3001,4123,1122,3913,4081,168,912,-42,954,0.41332456,0.72829604
GE.TNTI.BL.gfz2009eqqh.npz,3001,4373,1372,4182,4357,175,1181,-16,1197,0.41708517,0.77160543
GE.SAUI.BH.gfz2014brdi.npz,3001,3020,19,4658,3031,1627,1657,11,1646,0.45604795,0.69716495
GE.PLAI.BH.gfz2025bmwa.npz,3001,3033,32,5233,3016,2217,2232,-17,2249,0.48553637,0.86446345
GE.TNTI.SH.gfz2019sgac.npz,3001,5974,2973,5309,3325,1984,2308,-2649,4957,0.3999046,0.71263915
GE.SOEI.BH.gfz2009psbv.npz,3001,3820,819,8428,9689,1261,5427,5869,442,0.41620922,0.76049864
GE.MNAI.BL.gfz2009qkfw.npz,3001,7113,4112,5857,7937,2080,2856,824,2032,0.4251203,0.67502713
GE.JAGI.BH.gfz2009bkhv.npz,3001,3192,191,5824,5919,95,2823,2727,96,0.41472235,0.74026257
GE.MNAI.BL.gfz2013goiq.npz,3001,4116,1115,4036,4237,201,1035,121,914,0.44335264,0.8967823
GE.MMRI.BH.gfz2009pxvj.npz,3001,5146,2145,8395,3945,4450,5394,-1201,6595,0.38225162,0.70175254
GE.UGM.BH.gfz2018hcuv.npz,3001,3052,51,4590,4721,131,1589,1669,80,0.44612148,0.85955393
GE.TNTI.HL.gfz2009eavu.npz,3000,1639,1361,8071,1712,6359,5071,73,4998,0.47968054,0.70130956
GE.FAKI.BL.gfz2009apup.npz,3002,6113,3111,5920,5969,49,2918,-144,3062,0.48085165,0.9112036
GE.LUWI.BL.gfz2013pxfu.npz,3001,5197,2196,4833,4916,83,1832,-281,2113,0.44973046,0.9231041
GE.MNAI.BH.gfz2021lyjz.npz,3001,2,2999,3840,4301,461,839,4299,3460,0.55467683,0.6824986
GE.PLAI.SL.gfz2012azkx.npz,3000,4621,1621,4447,4616,169,1447,-5,1452,0.55729806,0.86814195
GE.LUWI.HL.gfz2009bjnh.npz,3000,2159,841,11852,2289,9563,8852,130,8722,0.46558848,0.7571303
GE.LHMI.BL.gfz2023acqq.npz,3001,3823,822,3337,3714,377,336,-109,445,0.44295081,0.72914207
GE.BNDI.BL.gfz2010abkc.npz,3001,7543,4542,6066,15101,9035,3065,7558,4493,0.42640653,0.64863867
GE.SOEI.BH.gfz2025bzud.npz,3001,3523,522,9172,9675,503,6171,6152,19,0.4088391,0.6955692
GE.TNTI.SH.gfz2023szzv.npz,3001,1377,1624,6972,4744,2228,3971,3367,604,0.39865136,0.5947863
GE.TNTI.BH.gfz2025czgt.npz,3001,4663,1662,4240,4741,501,1239,78,1161,0.4632893,0.6724488
GE.TNTI.BL.gfz2012yhuy.npz,3002,1755,1247,7569,7934,365,4567,6179,1612,0.4142291,0.6487182
GE.TNTI.BH.gfz2009dhbx.npz,3000,3624,624,6534,3573,2961,3534,-51,3585,0.38762817,0.6810401
GE.TNTI.BH.gfz2009pyad.npz,3001,3971,970,7693,3741,3952,4692,-230,4922,0.41368544,0.74302936
GE.JAGI.SH.gfz2014ghxq.npz,3000,4767,1767,4668,4775,107,1668,8,1660,0.470996,0.8381835
GE.SOEI.BH.gfz2009zbqz.npz,3001,3192,191,9906,3361,6545,6905,169,6736,0.39627233,0.71337074
GE.LUWI.SH.gfz2024fmvg.npz,3001,9219,6218,7831,9233,1402,4830,14,4816,0.41182554,0.69906163
GE.TNTI.BH.gfz2015thvg.npz,3001,3360,359,5645,3392,2253,2644,32,2612,0.42848137,0.6938972
GE.TOLI2.BH.gfz2025dlfh.npz,3001,5479,2478,5085,5313,228,2084,-166,2250,0.44608575,0.8308723
GE.GSI.BL.gfz2010yvmm.npz,3001,3062,61,5890,3049,2841,2889,-13,2902,0.49925035,0.7850779
