filename,p_true,p_pred,p_error,s_true,s_pred,s_error,ps_true,ps_pred,ps_error,p_prob_max,s_prob_max
GE.UGM.BL.gfz2010ddjw.npz,1,3141,3140,2719,9810,7091,2718,6669,3951,0.3359913,0.5387984
GE.TNTI.BL.gfz2009ayha.npz,0,10734,10734,6659,4442,2217,6659,-6292,12951,0.33734146,0.56260276
GE.SOEI.BH.gfz2012mpmh.npz,1,4159,4158,3999,830,3169,3998,-3329,7327,0.32099178,0.54609615
GE.MNAI.BL.gfz2009xyqn.npz,1,1497,1496,1086,1151,65,1085,-346,1431,0.3269807,0.6172154
GE.LHMI.SH.gfz2013urpd.npz,1,1955,1954,1666,1844,178,1665,-111,1776,0.26955897,0.5351739
GE.PLAI.SL.gfz2012xqdd.npz,0,4880,4880,4549,725,3824,4549,-4155,8704,0.33806598,0.54909325
GE.MMRI.SH.gfz2013hbue.npz,0,4406,4406,3667,745,2922,3667,-3661,7328,0.32556918,0.55133635
GE.BNDI.SH.gfz2018qhyw.npz,0,1941,1941,1533,1683,150,1533,-258,1791,0.3350858,0.6574076
GE.TNTI.BL.gfz2009fgfn.npz,1,8802,8801,3549,4579,1030,3548,-4223,7771,0.3196646,0.5517643
GE.MMRI.BL.gfz2019hinv.npz,1,11624,11623,2213,7744,5531,2212,-3880,6092,0.32886714,0.5629685
GE.FAKI.BH.gfz2009ayxo.npz,1,5455,5454,5473,5531,58,5472,76,5396,0.32217115,0.55536985
GE.SOEI.BL.gfz2013yfql.npz,1,1114,1113,736,1230,494,735,116,619,0.32780534,0.5831832
GE.GSI.BH.gfz2012uhbt.npz,1,2003,2002,1276,4614,3338,1275,2611,1336,0.31295896,0.5434234
GE.LHMI.BL.gfz2012rato.npz,1,2145,2144,1813,4540,2727,1812,2395,583,0.32750294,0.58009
GE.LUWI.HH.gfz2009qkjn.npz,0,2429,2429,2035,3735,1700,2035,1306,729,0.33577093,0.56652033
GE.PLAI.SH.gfz2024yqam.npz,1,4085,4084,3897,4146,249,3896,61,3835,0.33365124,0.54902047
GE.GSI.BL.gfz2021kfyy.npz,1,2672,2671,2467,2706,239,2466,34,2432,0.33615464,0.5394713
GE.MMRI.SH.gfz2024wupd.npz,1,985,984,4869,11522,6653,4868,10537,5669,0.3264112,0.5459212
GE.PLAI.SL.gfz2017ddhx.npz,0,3338,3338,3217,247,2970,3217,-3091,6308,0.37053505,0.5814492
GE.BBJI.BH.gfz2024nomt.npz,1,3414,3413,2838,3743,905,2837,329,2508,0.32464027,0.53907096
GE.LUWI.SH.gfz2010abbl.npz,1,6647,6646,5712,1075,4637,5711,-5572,11283,0.32943094,0.5501172
GE.JAGI.SH.gfz2012qetk.npz,1,1416,1415,1295,1379,84,1294,-37,1331,0.3484023,0.707537
GE.LUWI.BL.gfz2010ciep.npz,1,1581,1580,1317,1651,334,1316,70,1246,0.32750294,0.54998344
GE.FAKI.BH.gfz2012amyi.npz,1,11602,11601,4987,5059,72,4986,-6543,11529,0.29755235,0.57719636
GE.BNDI.BH.gfz2012gezz.npz,1,2226,2225,1821,7626,5805,1820,5400,3580,0.29846224,0.5353328
GE.JAGI.SH.gfz2013hbue.npz,1,6194,6193,5466,5655,189,5465,-539,6004,0.34634417,0.5687468
GE.GSI.SH.gfz2015bvov.npz,0,1222,1222,884,927,43,884,-295,1179,0.27117214,0.5339347
GE.SAUI.BH.gfz2020iiaf.npz,1,2558,2557,1910,2776,866,1909,218,1691,0.33244532,0.55462855
GE.JAGI.BH.gfz2017nmdx.npz,1,1747,1746,1595,2160,565,1594,413,1181,0.32827556,0.5598572
GE.FAKI.HL.gfz2009bmox.npz,0,13312,13312,6002,4454,1548,6002,-8858,14860,0.3397385,0.55674297
GE.GSI.BH.gfz2013qpmq.npz,1,2406,2405,2213,2435,222,2212,29,2183,0.2943867,0.54943544
GE.SOEI.BH.gfz2009rpju.npz,1,293,292,7619,2466,5153,7618,2173,5445,0.27612624,0.531551
GE.FAKI.BL.gfz2009daap.npz,1,2438,2437,5275,1642,3633,5274,-796,6070,0.32649052,0.53689736
GE.LUWI.HL.gfz2009ilut.npz,0,13417,13417,8427,13387,4960,8427,-30,8457,0.3462426,0.6983343
GE.FAKI.BH.gfz2009yode.npz,1,502,501,2932,2998,66,2931,2496,435,0.3304445,0.5589984
GE.FAKI.BL.gfz2013wlbf.npz,1,13186,13185,2560,6116,3556,2559,-7070,9629,0.318065,0.54498565
GE.TNTI.HL.gfz2009rdgk.npz,0,11293,11293,2206,11167,8961,2206,-126,2332,0.34468293,0.5564687
GE.MMRI.BH.gfz2025amik.npz,1,702,701,3520,5746,2226,3519,5044,1525,0.2679135,0.5354672
GE.SAUI.HH.gfz2009tkfn.npz,0,703,703,8707,2458,6249,8707,1755,6952,0.3129719,0.5235605
GE.TNTI.BL.gfz2009bmox.npz,2,3726,3724,2029,2279,250,2027,-1447,3474,0.32466164,0.5836763
GE.LUWI.BL.gfz2009bjnh.npz,1,5622,5621,8853,11658,2805,8852,6036,2816,0.31984565,0.54618883
GE.MMRI.BL.gfz2012ugap.npz,1,10137,10136,2375,8704,6329,2374,-1433,3807,0.3282466,0.5349109
GE.FAKI.BL.gfz2009aqpt.npz,1,4241,4240,3401,1566,1835,3400,-2675,6075,0.32638747,0.5424041
GE.TNTI.BL.gfz2009czsb.npz,1,4239,4238,3556,5275,1719,3555,1036,2519,0.3165634,0.5370814
GE.TNTI.SH.gfz2012yhuy.npz,0,10350,10350,4567,11250,6683,4567,900,3667,0.30178934,0.5455604
GE.UGM.SL.gfz2014bxsc.npz,1,28,27,1752,9891,8139,1751,9863,8112,0.3630922,0.6455634
GE.SOEI.SH.gfz2013qvir.npz,0,349,349,5059,1022,4037,5059,673,4386,0.2781181,0.54129076
GE.UGM.SH.gfz2012uneo.npz,0,4473,4473,3797,3986,189,3797,-487,4284,0.3077123,0.5514278
GE.JAGI.BH.gfz2024xkub.npz,1,2045,2044,1170,1876,706,1169,-169,1338,0.34102634,0.57352245
GE.TOLI2.SH.gfz2013hjin.npz,1,2590,2589,7615,8339,724,7614,5749,1865,0.32750294,0.606184
GE.MMRI.HH.gfz2009ilut.npz,0,5378,5378,6475,3353,3122,6475,-2025,8500,0.3251525,0.5452564
GE.LUWI.BL.gfz2012wmnj.npz,1,3195,3194,1934,8656,6722,1933,5461,3528,0.33264068,0.5288176
GE.FAKI.HH.gfz2009atqt.npz,0,680,680,3303,3379,76,3303,2699,604,0.33646533,0.5401258
GE.BKNI.SH.gfz2022gjiw.npz,1,114,113,3140,11178,8038,3139,11064,7925,0.3274997,0.5344155
GE.TNTI.BH.gfz2009frwm.npz,1,9763,9762,3454,10202,6748,3453,439,3014,0.31873426,0.54772973
GE.FAKI.BH.gfz2009rpju.npz,1,4528,4527,4454,4563,109,4453,35,4418,0.32750294,0.57609385
GE.SMRI.SH.gfz2015vcni.npz,1,2384,2383,2258,4090,1832,2257,1706,551,0.3278562,0.5409682
GE.SAUI.BL.gfz2010kolf.npz,1,3746,3745,2503,3191,688,2502,-555,3057,0.32750294,0.5650439
GE.UGM.SH.gfz2012atnm.npz,1,2018,2017,1416,1584,168,1415,-434,1849,0.33752358,0.6307568
GE.PLAI.BH.gfz2019cznc.npz,1,2029,2028,1364,1619,255,1363,-410,1773,0.32462627,0.5342184
GE.TNTI.BH.gfz2013rzij.npz,1,2803,2802,1609,4994,3385,1608,2191,583,0.32296574,0.54061294
GE.SAUI.HH.gfz2009sufe.npz,0,3003,3003,2196,2858,662,2196,-145,2341,0.28083396,0.5415566
GE.FAKI.HL.gfz2009bgxf.npz,0,8860,8860,2890,10276,7386,2890,1416,1474,0.34293586,0.5355318
GE.SAUI.SH.gfz2021ubnw.npz,0,2221,2221,1858,2252,394,1858,31,1827,0.33016294,0.5644325
GE.TNTI.BL.gfz2013rzij.npz,1,7074,7073,1609,2611,1002,1608,-4463,6071,0.33061743,0.5505976
GE.UGM.SH.gfz2010fnia.npz,0,1987,1987,1764,7414,5650,1764,5427,3663,0.31589738,0.53913045
GE.SMRI.BH.gfz2013jvgk.npz,1,4359,4358,4004,2038,1966,4003,-2321,6324,0.31975582,0.5376707
GE.SMRI.BH.gfz2009boyf.npz,2,306,304,3155,3234,79,3153,2928,225,0.32750294,0.52990925
GE.LHMI.BL.gfz2013urpd.npz,1,1856,1855,1666,2546,880,1665,690,975,0.3158518,0.5398048
GE.MNAI.BH.gfz2010atkp.npz,1,1351,1350,1187,1211,24,1186,-140,1326,0.33571553,0.6659418
GE.FAKI.HH.gfz2009dkli.npz,0,7566,7566,9495,5558,3937,9495,-2008,11503,0.3007012,0.5280393
GE.TNTI.HH.gfz2009qghs.npz,0,2806,2806,2191,2686,495,2191,-120,2311,0.2723479,0.5407067
GE.MMRI.BH.gfz2013fkbz.npz,2,4383,4381,2505,3485,980,2503,-898,3401,0.2931141,0.560648
GE.TNTI.BH.gfz2010awor.npz,1,10202,10201,4411,10810,6399,4410,608,3802,0.2907559,0.53415734
GE.TNTI.HL.gfz2009bmox.npz,0,3035,3035,2027,2278,251,2027,-757,2784,0.32972896,0.57277614
GE.MMRI.BH.gfz2024wupd.npz,2,12642,12640,4870,5126,256,4868,-7516,12384,0.3156473,0.5438198
GE.UGM.BH.gfz2009ptvf.npz,1,2201,2200,1988,2210,222,1987,9,1978,0.30885056,0.5570403
GE.TOLI2.SH.gfz2012yhuy.npz,0,13496,13496,8977,1494,7483,8977,-12002,20979,0.26189873,0.53071505
GE.FAKI.BL.gfz2009avte.npz,0,311,311,5234,11918,6684,5234,11607,6373,0.39145562,0.56038886
GE.LUWI.HL.gfz2009floe.npz,0,3252,3252,3111,3404,293,3111,152,2959,0.37099314,0.56696725
GE.JAGI.BL.gfz2012rjfs.npz,2,3476,3474,2948,13013,10065,2946,9537,6591,0.33595362,0.5359743
GE.SOEI.BH.gfz2012heuj.npz,1,367,366,6064,1318,4746,6063,951,5112,0.30520132,0.53512484
GE.TNTI.BH.gfz2024qrxn.npz,1,2215,2214,1820,10026,8206,1819,7811,5992,0.32213074,0.5373822
GE.SANI.SH.gfz2015thvg.npz,0,6326,6326,3552,151,3401,3552,-6175,9727,0.33378646,0.6504133
GE.TNTI.BH.gfz2009dseu.npz,1,2486,2485,3481,4221,740,3480,1735,1745,0.30097345,0.5409175
GE.LUWI.SH.gfz2017cdvt.npz,1,13131,13130,1261,1871,610,1260,-11260,12520,0.31401026,0.56813127
GE.GSI.SH.gfz2010wlnb.npz,0,751,751,2862,2878,16,2862,2127,735,0.30869475,0.5547764
GE.MNAI.BL.gfz2013ydaj.npz,0,2883,2883,1816,2379,563,1816,-504,2320,0.3189235,0.55825186
GE.GENI.SH.gfz2012nver.npz,0,278,278,965,1531,566,965,1253,288,0.3028305,0.54769224
GE.LUWI.BH.gfz2009bjnh.npz,1,4475,4474,8853,798,8055,8852,-3677,12529,0.25866172,0.5247602
GE.UGM.BH.gfz2016dbtc.npz,1,3163,3162,2389,2515,126,2388,-648,3036,0.3167081,0.5887441
GE.TOLI2.SH.gfz2025dlfh.npz,0,2210,2210,2084,2188,104,2084,-22,2106,0.33723444,0.5396952
GE.UGM.BH.gfz2010fnia.npz,1,1950,1949,1765,7414,5649,1764,5464,3700,0.3288222,0.5439054
GE.TOLI2.BL.gfz2025bymb.npz,1,1661,1660,1214,1731,517,1213,70,1143,0.33486167,0.65178806
GE.PLAI.BL.gfz2012dcye.npz,1,1425,1424,1107,1810,703,1106,385,721,0.33548823,0.5437539
GE.FAKI.HL.gfz2009tkfn.npz,0,647,647,3328,3679,351,3328,3032,296,0.34379828,0.5317463
GE.SOEI.HH.gfz2009qfbt.npz,0,530,530,5523,5490,33,5523,4960,563,0.32750294,0.5458377
GE.FAKI.SH.gfz2009zbqz.npz,0,221,221,5099,3046,2053,5099,2825,2274,0.38066736,0.55108327
GE.PLAI.BL.gfz2014ghxq.npz,1,7211,7210,2977,11712,8735,2976,4501,1525,0.33383185,0.5538265
GE.TOLI2.BH.gfz2024qmwb.npz,1,8721,8720,8311,9447,1136,8310,726,7584,0.30191055,0.537452
GE.PLAI.BH.gfz2025bckw.npz,1,1682,1681,1563,1616,53,1562,-66,1628,0.30800036,0.54090333
GE.MNAI.BH.gfz2013xmza.npz,1,6732,6731,1007,1035,28,1006,-5697,6703,0.2999461,0.6008963
GE.MNAI.HL.gfz2009rjtx.npz,0,1263,1263,5202,5420,218,5202,4157,1045,0.3534799,0.56579095
GE.GSI.SH.gfz2013cxen.npz,0,255,255,2901,3026,125,2901,2771,130,0.34625345,0.5531278
GE.UGM.BL.gfz2013crnj.npz,1,1682,1681,1648,12402,10754,1647,10720,9073,0.3328766,0.55608964
GE.UGM.SL.gfz2013ttpe.npz,0,2117,2117,1938,11750,9812,1938,9633,7695,0.34512573,0.5606967
GE.FAKI.BH.gfz2009aixg.npz,1,1059,1058,3068,3550,482,3067,2491,576,0.30368823,0.5298489
GE.FAKI.BL.gfz2009zbqz.npz,1,5355,5354,5100,5200,100,5099,-155,5254,0.33638594,0.59851485
GE.FAKI.BL.gfz2012cnkn.npz,1,3734,3733,3386,3403,17,3385,-331,3716,0.33321226,0.58076125
GE.GSI.SH.gfz2021kfyy.npz,0,3028,3028,2466,2686,220,2466,-342,2808,0.32839337,0.5426256
GE.SMRI.HL.gfz2009boyf.npz,0,12593,12593,3153,10703,7550,3153,-1890,5043,0.343967,0.5580269
GE.TNTI.HL.gfz2009agwc.npz,0,12977,12977,5357,5297,60,5357,-7680,13037,0.34595186,0.54751915
GE.BKNI.BH.gfz2012gitd.npz,1,1870,1869,1376,2020,644,1375,150,1225,0.2999122,0.53135926
GE.SOEI.BL.gfz2025gvra.npz,1,2194,2193,6939,986,5953,6938,-1208,8146,0.32750294,0.5482769
GE.LHMI.BL.gfz2011kyss.npz,0,6705,6705,1774,5064,3290,1774,-1641,3415,0.32750294,0.54021776
GE.TNTI.BH.gfz2009hmmo.npz,2,12411,12409,2880,12473,9593,2878,62,2816,0.32750294,0.5590584
GE.FAKI.HL.gfz2009ewtf.npz,0,1887,1887,7975,7439,536,7975,5552,2423,0.35023668,0.59263104
GE.FAKI.HH.gfz2009ayty.npz,0,1607,1607,3316,3513,197,3316,1906,1410,0.27776033,0.5358425
GE.UGM.BL.gfz2009bbud.npz,1,2994,2993,2427,8896,6469,2426,5902,3476,0.32709143,0.56053734
GE.UGM.SH.gfz2014kwfg.npz,1,1716,1715,1692,1886,194,1691,170,1521,0.32561398,0.53944415
GE.SAUI.BL.gfz2013tulg.npz,1,4516,4515,3696,444,3252,3695,-4072,7767,0.3318289,0.58921295
GE.UGM.BH.gfz2009bjnh.npz,0,1234,1234,13499,6110,7389,13499,4876,8623,0.23047072,0.53302425
GE.SANI.BH.gfz2011xxju.npz,1,2475,2474,2398,2491,93,2397,16,2381,0.4069357,0.73844045
GE.FAKI.HL.gfz2009nqxv.npz,0,4911,4911,4630,4863,233,4630,-48,4678,0.3458812,0.6620545
GE.PLAI.SH.gfz2017culr.npz,1,5670,5669,1408,1536,128,1407,-4134,5541,0.33065456,0.6031175
GE.LUWI.BH.gfz2009floe.npz,1,3359,3358,3112,3180,68,3111,-179,3290,0.33881617,0.569624
GE.SANI.SH.gfz2013grue.npz,0,8511,8511,8086,947,7139,8086,-7564,15650,0.35797334,0.5941351
GE.FAKI.BL.gfz2009cdlz.npz,1,4729,4728,4166,4347,181,4165,-382,4547,0.3379749,0.61358535
GE.MMRI.BH.gfz2013ribh.npz,1,1779,1778,1455,12226,10771,1454,10447,8993,0.32750294,0.53017795
GE.LHMI.HL.gfz2009epev.npz,0,1723,1723,1127,2123,996,1127,400,727,0.34329852,0.5540695
GE.TNTI.BL.gfz2009qgjm.npz,1,8818,8817,1572,10096,8524,1571,1278,293,0.33226618,0.54437965
GE.MMRI.BL.gfz2013hbue.npz,1,4137,4136,3668,1263,2405,3667,-2874,6541,0.345138,0.5685511
GE.JAGI.BL.gfz2009zipp.npz,1,4634,4633,4122,4351,229,4121,-283,4404,0.3346253,0.58735776
GE.BNDI.BL.gfz2017bxmp.npz,1,3145,3144,2531,13407,10876,2530,10262,7732,0.33243266,0.5534772
GE.GSI.BH.gfz2022twah.npz,1,1743,1742,922,12242,11320,921,10499,9578,0.32199645,0.5274076
GE.MMRI.BH.gfz2022sqkl.npz,1,11355,11354,3512,4510,998,3511,-6845,10356,0.31929433,0.5496936
GE.TNTI.HH.gfz2009agwc.npz,0,766,766,5357,226,5131,5357,-540,5897,0.3231832,0.5445137
GE.MNAI.SH.gfz2021lyjz.npz,1,1104,1103,840,915,75,839,-189,1028,0.3276908,0.5525582
GE.FAKI.HL.gfz2009aczt.npz,0,4951,4951,10138,81,10057,10138,-4870,15008,0.35943934,0.5627558
GE.FAKI.BH.gfz2010kolf.npz,0,1163,1163,5220,5275,55,5220,4112,1108,0.31691098,0.55082273
GE.LUWI.SH.gfz2024hdte.npz,1,671,670,7475,11954,4479,7474,11283,3809,0.3296336,0.54138887
GE.SOEI.HH.gfz2009rpju.npz,0,290,290,7618,2490,5128,7618,2200,5418,0.2698176,0.53584164
GE.PLAI.BH.gfz2014esmj.npz,1,4998,4997,3214,3486,272,3213,-1512,4725,0.3186039,0.55938506
GE.PLAI.SH.gfz2022sqkl.npz,1,2139,2138,2093,2387,294,2092,248,1844,0.3648928,0.5644729
GE.FAKI.BL.gfz2009ayty.npz,0,753,753,3316,12188,8872,3316,11435,8119,0.32422283,0.5397075
GE.PMBI.BL.gfz2011swwe.npz,0,12380,12380,2673,4455,1782,2673,-7925,10598,0.3807079,0.67992425
GE.UGM.BL.gfz2010bjpa.npz,1,1571,1570,3717,4796,1079,3716,3225,491,0.32750294,0.55880207
GE.TNTI.HH.gfz2009algf.npz,0,240,240,1726,1922,196,1726,1682,44,0.29431054,0.52709955
GE.TNTI.BH.gfz2020iwiv.npz,1,1565,1564,1420,1999,579,1419,434,985,0.27186868,0.53435904
GE.TNTI.SH.gfz2014hjch.npz,1,1448,1447,1447,3438,1991,1446,1990,544,0.32750294,0.53913003
GE.LUWI.BL.gfz2012rszr.npz,1,3445,3444,3320,3449,129,3319,4,3315,0.33202943,0.5786044
GE.GSI.BH.gfz2022gjiw.npz,0,2726,2726,2410,2478,68,2410,-248,2658,0.32750294,0.5861154
GE.TOLI2.SH.gfz2025bymb.npz,1,1667,1666,1214,1736,522,1213,69,1144,0.32886663,0.5591582
GE.SOEI.BL.gfz2025dcky.npz,0,648,648,6361,828,5533,6361,180,6181,0.3248144,0.55801326
GE.TNTI.BH.gfz2017ayqr.npz,1,2094,2093,1346,2286,940,1345,192,1153,0.3208628,0.5266119
GE.TNTI.SH.gfz2014jcyq.npz,0,259,259,4235,626,3609,4235,367,3868,0.32750294,0.5488375
GE.SAUI.SH.gfz2013aruy.npz,0,3073,3073,2769,147,2622,2769,-2926,5695,0.33682108,0.56149143
GE.TNTI.BH.gfz2009czsb.npz,1,1333,1332,3556,4566,1010,3555,3233,322,0.26984695,0.53263384
GE.PLAI.BH.gfz2019usec.npz,1,1323,1322,1222,1283,61,1221,-40,1261,0.44884396,0.8851581
GE.GSI.BH.gfz2009cktz.npz,1,2226,2225,2152,7626,5474,2151,5400,3249,0.29406995,0.53286093
GE.MNAI.HL.gfz2009mwyd.npz,0,3023,3023,2775,9325,6550,2775,6302,3527,0.33763555,0.5510137
GE.FAKI.BL.gfz2009agmj.npz,1,3518,3517,3180,524,2656,3179,-2994,6173,0.33416626,0.60755366
GE.FAKI.SH.gfz2014fbzr.npz,0,1536,1536,2986,598,2388,2986,-938,3924,0.28671724,0.5348327
GE.UGM.BL.gfz2012uneo.npz,2,3966,3964,3799,1667,2132,3797,-2299,6096,0.32750294,0.54856646
GE.SAUI.BH.gfz2016mcqf.npz,1,3414,3413,2266,3950,1684,2265,536,1729,0.29319412,0.5302893
GE.MMRI.BH.gfz2009efga.npz,1,189,188,6775,7216,441,6774,7027,253,0.315904,0.5555809
GE.BBJI.BL.gfz2018bubc.npz,1,1974,1973,1926,2180,254,1925,206,1719,0.32750294,0.5663446
GE.PLAI.BL.gfz2013sril.npz,1,4390,4389,2556,3190,634,2555,-1200,3755,0.32804304,0.5552198
GE.SANI.BH.gfz2013nflx.npz,1,6260,6259,5963,3231,2732,5962,-3029,8991,0.2886695,0.54606986
GE.PLAI.SH.gfz2025bmwa.npz,1,2326,2325,2233,2293,60,2232,-33,2265,0.3438055,0.54654753
GE.MMRI.BH.gfz2009ilut.npz,2,4082,4080,6477,4391,2086,6475,309,6166,0.32750294,0.534459
GE.GSI.BL.gfz2016rfim.npz,1,2974,2973,1568,2888,1320,1567,-86,1653,0.33055136,0.54365957
GE.BBJI.BH.gfz2024xqwc.npz,1,1994,1993,1051,1119,68,1050,-875,1925,0.30161294,0.5768077
GE.TNTI.HL.gfz2009waho.npz,0,8587,8587,2791,3144,353,2791,-5443,8234,0.37670907,0.5637105
GE.TNTI.BH.gfz2009eqqh.npz,1,2066,2065,1182,1278,96,1181,-788,1969,0.31165436,0.5438616
GE.JAGI.BH.gfz2009ruvn.npz,1,1094,1093,4304,4358,54,4303,3264,1039,0.30525526,0.5395112
GE.JAGI.HH.gfz2009bkhv.npz,0,193,193,2823,3070,247,2823,2877,54,0.31418976,0.5517601
GE.TNTI.BH.gfz2024fmvg.npz,2,2022,2020,1405,1907,502,1403,-115,1518,0.2978726,0.5407818
GE.SAUI.BL.gfz2020iiaf.npz,1,8062,8061,1910,2950,1040,1909,-5112,7021,0.32750294,0.5548484
GE.PLAI.SL.gfz2019qkjz.npz,0,1830,1830,1496,9310,7814,1496,7480,5984,0.3661799,0.53777885
GE.BNDI.SH.gfz2009yode.npz,1,2719,2718,2360,2947,587,2359,228,2131,0.32750294,0.5430206
GE.UGM.BH.gfz2010teou.npz,1,551,550,4812,5066,254,4811,4515,296,0.28615507,0.543424
GE.SAUI.BL.gfz2009sufe.npz,1,10722,10721,2197,2918,721,2196,-7804,10000,0.30884737,0.5570428
GE.GSI.SH.gfz2012nrpy.npz,0,3030,3030,6273,7170,897,6273,4140,2133,0.32750294,0.5464313
GE.SMRI.BH.gfz2018hcuv.npz,1,2623,2622,2522,2538,16,2521,-85,2606,0.35353127,0.5395143
GE.TNTI.BL.gfz2009dijd.npz,2,1710,1708,2353,4224,1871,2351,2514,163,0.32750294,0.5342015
GE.SANI.BL.gfz2015thvg.npz,1,112,111,3553,3945,392,3552,3833,281,0.32750294,0.5843269
GE.TNTI.BL.gfz2010abbl.npz,1,2323,2322,1743,11204,9461,1742,8881,7139,0.33507326,0.5496932
GE.FAKI.BH.gfz2009oubh.npz,1,3774,3773,5632,5863,231,5631,2089,3542,0.28374118,0.58463275
GE.TNTI.BH.gfz2009eavu.npz,2,1194,1192,5073,1558,3515,5071,364,4707,0.32750294,0.55658424
GE.TNTI.BH.gfz2016mexu.npz,2,2599,2597,915,1262,347,913,-1337,2250,0.27238247,0.5498272
GE.UGM.SH.gfz2015kylx.npz,1,2131,2130,2107,2057,50,2106,-74,2180,0.32750294,0.59232783
GE.UGM.BL.gfz2009boyf.npz,1,3479,3478,3030,253,2777,3029,-3226,6255,0.32967946,0.6248187
GE.FAKI.SH.gfz2024quvs.npz,1,6398,6397,5616,6372,756,5615,-26,5641,0.31014025,0.5442548
GE.FAKI.BH.gfz2009rhsi.npz,1,4143,4142,4017,4158,141,4016,15,4001,0.32750294,0.54056954
GE.BNDI.BH.gfz2025fwkg.npz,1,678,677,2529,10366,7837,2528,9688,7160,0.2688894,0.53247625
GE.FAKI.BL.gfz2013avzn.npz,1,4578,4577,4374,11522,7148,4373,6944,2571,0.3663845,0.54223186
GE.FAKI.HL.gfz2009blcy.npz,0,12439,12439,2905,3187,282,2905,-9252,12157,0.3433133,0.62832975
GE.GSI.BH.gfz2025cdqz.npz,1,2903,2902,2079,5018,2939,2078,2115,37,0.28527912,0.5290032
GE.TNTI.BH.gfz2009bmox.npz,2,2139,2137,2029,2131,102,2027,-8,2035,0.38732362,0.6815758
GE.LUWI.BL.gfz2013qwcb.npz,0,4049,4049,3053,3959,906,3053,-90,3143,0.33207297,0.5356889
GE.TNTI.HH.gfz2009fgfn.npz,0,4033,4033,3548,686,2862,3548,-3347,6895,0.26056287,0.5265807
GE.LUWI.BH.gfz2017ukwz.npz,1,1364,1363,1249,1389,140,1248,25,1223,0.33218375,0.5646597
GE.PLAI.SH.gfz2017nlxf.npz,1,2282,2281,1473,2003,530,1472,-279,1751,0.32918853,0.5939001
GE.LUWI.BH.gfz2012widq.npz,1,2970,2969,2219,8715,6496,2218,5745,3527,0.28327063,0.54114705
GE.MNAI.BL.gfz2013uvlo.npz,2,1429,1427,4637,1247,3390,4635,-182,4817,0.32750294,0.5715576
GE.MMRI.SH.gfz2012rbpj.npz,1,10084,10083,7204,2486,4718,7203,-7598,14801,0.3020108,0.54348844
GE.UGM.SH.gfz2012cipp.npz,0,1798,1798,1696,2258,562,1696,460,1236,0.27868298,0.53253484
GE.GSI.SH.gfz2016rfim.npz,1,2206,2205,1568,8870,7302,1567,6664,5097,0.30387193,0.5330469
GE.SANI.SH.gfz2010ghiq.npz,0,2106,2106,6709,6778,69,6709,4672,2037,0.32750294,0.5476407
GE.FAKI.BH.gfz2018qtuf.npz,1,89,88,2929,3123,194,2928,3034,106,0.3319684,0.5545248
GE.TOLI2.SH.gfz2014iwpt.npz,0,4426,4426,3161,4606,1445,3161,180,2981,0.32486278,0.537377
GE.BNDI.BH.gfz2025dcky.npz,1,8203,8202,3294,886,2408,3293,-7317,10610,0.26451516,0.53571004
GE.FAKI.BL.gfz2010abkc.npz,1,4989,4988,4816,5142,326,4815,153,4662,0.3332674,0.61703396
GE.GSI.BH.gfz2012hidg.npz,1,2440,2439,2178,3023,845,2177,583,1594,0.32750294,0.5384362
GE.SOEI.BL.gfz2014mnzy.npz,1,2251,2250,1703,2465,762,1702,214,1488,0.31404757,0.55213207
GE.FAKI.HL.gfz2009byjb.npz,0,4267,4267,4194,4282,88,4194,15,4179,0.3622208,0.5754042
GE.MNAI.BL.gfz2020wrfa.npz,1,12026,12025,937,983,46,936,-11043,11979,0.32750294,0.60566413
GE.JAGI.BL.gfz2023qwer.npz,1,1977,1976,5565,6423,858,5564,4446,1118,0.33447,0.54132396
GE.PLAI.SH.gfz2025ghay.npz,0,7190,7190,1791,2167,376,1791,-5023,6814,0.30839562,0.56200975
GE.MNAI.SH.gfz2009xyqn.npz,0,1346,1346,1085,1208,123,1085,-138,1223,0.34073773,0.57467735
GE.JAGI.HH.gfz2009bjnh.npz,0,1198,1198,13499,3298,10201,13499,2100,11399,0.29063943,0.53293496
GE.BNDI.BL.gfz2010ghiq.npz,1,1132,1131,2661,4215,1554,2660,3083,423,0.33219662,0.5666902
GE.JAGI.SH.gfz2024wupd.npz,1,13148,13147,7182,4218,2964,7181,-8930,16111,0.34010884,0.5521228
GE.TNTI.BL.gfz2009sidp.npz,1,5586,5585,1938,2470,532,1937,-3116,5053,0.32605967,0.5323307
GE.FAKI.BH.gfz2012xahl.npz,1,161,160,3339,3486,147,3338,3325,13,0.34416232,0.5928951
GE.FAKI.HL.gfz2009ennn.npz,0,5592,5592,4655,282,4373,4655,-5310,9965,0.34695473,0.5480333
GE.UGM.HH.gfz2009inbh.npz,0,4115,4115,2968,3019,51,2968,-1096,4064,0.33368617,0.5577747
GE.UGM.HL.gfz2009bbud.npz,0,9773,9773,2426,478,1948,2426,-9295,11721,0.3407729,0.52949744
GE.MNAI.SH.gfz2012wvgj.npz,0,2606,2606,2307,2373,66,2307,-233,2540,0.3348629,0.56425494
GE.PLAI.SH.gfz2012qetk.npz,1,459,458,4071,191,3880,4070,-268,4338,0.32501003,0.5535039
GE.FAKI.BL.gfz2009bjnh.npz,1,3636,3635,3603,134,3469,3602,-3502,7104,0.32750294,0.5511319
GE.MNAI.BL.gfz2009pxkx.npz,2,493,491,3811,4179,368,3809,3686,123,0.33291295,0.5532876
GE.UGM.SL.gfz2010cvnw.npz,0,3533,3533,1749,3691,1942,1749,158,1591,0.32539186,0.61839426
GE.SANI.BL.gfz2025ewvp.npz,1,498,497,7172,5347,1825,7171,4849,2322,0.33124322,0.54126817
GE.UGM.BH.gfz2010cvnw.npz,1,2139,2138,1750,4410,2660,1749,2271,522,0.31217617,0.5397866
GE.LUWI.SH.gfz2013fqap.npz,1,1659,1658,1552,1991,439,1551,332,1219,0.33225113,0.5688191
GE.SANI.BL.gfz2013ykdd.npz,1,4955,4954,8532,590,7942,8531,-4365,12896,0.33998683,0.5557162
GE.BKNI.SH.gfz2019ckqw.npz,1,12088,12087,1922,11566,9644,1921,-522,2443,0.3412652,0.55598325
GE.UGM.SH.gfz2014ojjv.npz,0,2191,2191,1895,7586,5691,1895,5395,3500,0.31388986,0.5275269
GE.TOLI2.SH.gfz2024vdim.npz,0,2282,2282,8193,1790,6403,8193,-492,8685,0.30474633,0.52739537
GE.TNTI.BL.gfz2017sglz.npz,2,10827,10825,1663,3251,1588,1661,-7576,9237,0.3297125,0.5553222
GE.BNDI.BH.gfz2024urkq.npz,1,1976,1975,5448,1274,4174,5447,-702,6149,0.2670758,0.537319
GE.FAKI.BL.gfz2010gdlm.npz,1,5198,5197,4888,5275,387,4887,77,4810,0.32750294,0.54654914
GE.FAKI.HH.gfz2009bjlo.npz,0,487,487,2960,9138,6178,2960,8651,5691,0.28727782,0.5269894
GE.LHMI.SH.gfz2010wlnb.npz,0,2303,2303,2103,2283,180,2103,-20,2123,0.31900677,0.5430862
GE.SANI.BH.gfz2013yfsc.npz,1,8654,8653,7540,8114,574,7539,-540,8079,0.32906756,0.54685366
GE.SANI.SH.gfz2010occd.npz,0,612,612,4024,4618,594,4024,4006,18,0.33533952,0.6093292
GE.TNTI.BH.gfz2009fgfn.npz,1,4579,4578,3549,4606,1057,3548,27,3521,0.27471662,0.52708787
GE.LUWI.BH.gfz2012xqdd.npz,1,5558,5557,6250,4014,2236,6249,-1544,7793,0.31066975,0.5357652
GE.LUWI.BL.gfz2013fqap.npz,1,5908,5907,1552,2013,461,1551,-3895,5446,0.34384963,0.53472775
GE.FAKI.SH.gfz2014ubqb.npz,1,1394,1393,3766,3918,152,3765,2524,1241,0.3347073,0.6452667
GE.TOLI2.BH.gfz2024krts.npz,1,360,359,3470,296,3174,3469,-64,3533,0.3156185,0.5695505
GE.TNTI.SH.gfz2016mexu.npz,0,2344,2344,913,1259,346,913,-1085,1998,0.28782088,0.5440028
GE.FAKI.SH.gfz2009yode.npz,1,503,502,2932,2998,66,2931,2495,436,0.3305121,0.5692955
GE.TNTI.BL.gfz2012rrwm.npz,0,10516,10516,2826,3324,498,2826,-7192,10018,0.33858487,0.5397799
GE.SANI.BL.gfz2010awor.npz,1,331,330,4397,135,4262,4396,-196,4592,0.33417806,0.5935524
GE.TOLI2.SH.gfz2018hbkr.npz,1,2633,2632,2160,2229,69,2159,-404,2563,0.33254075,0.64144105
GE.FAKI.HL.gfz2009bjnh.npz,0,1707,1707,3602,9179,5577,3602,7472,3870,0.33776686,0.52999306
GE.GENI.BH.gfz2018umjj.npz,1,1486,1485,1466,2754,1288,1465,1268,197,0.30835888,0.5479215
GE.UGM.BL.gfz2012lnpl.npz,1,2398,2397,1805,1982,177,1804,-416,2220,0.32750294,0.5504316
GE.TNTI.BL.gfz2009floe.npz,1,8866,8865,4647,341,4306,4646,-8525,13171,0.33038673,0.5895191
GE.GENI.BL.gfz2012nver.npz,1,1273,1272,966,1463,497,965,190,775,0.32750294,0.5584601
GE.SOEI.SH.gfz2018hode.npz,1,881,880,731,1574,843,730,693,37,0.23977424,0.5320497
GE.UGM.HH.gfz2009ptvf.npz,0,2200,2200,1987,2210,223,1987,10,1977,0.30278105,0.54958993
GE.LUWI.BH.gfz2009ayxo.npz,1,2278,2277,5473,1539,3934,5472,-739,6211,0.33250406,0.54014724
GE.FAKI.BL.gfz2009brqi.npz,1,4225,4224,4069,4163,94,4068,-62,4130,0.43803552,0.76944226
GE.MNAI.BH.gfz2010veze.npz,1,3866,3865,1500,1969,469,1499,-1897,3396,0.3220569,0.5580348
GE.MMRI.HL.gfz2009iayl.npz,0,310,310,5269,9278,4009,5269,8968,3699,0.34291825,0.5537916
GE.MNAI.SH.gfz2013mcso.npz,1,4174,4173,2415,2383,32,2414,-1791,4205,0.33115685,0.555723
GE.GSI.BL.gfz2015bvov.npz,1,1071,1070,885,903,18,884,-168,1052,0.32994783,0.5505393
GE.TNTI.HL.gfz2009qsnk.npz,0,12694,12694,4319,5185,866,4319,-7509,11828,0.35327554,0.5560369
GE.SOEI.BL.gfz2023jjmg.npz,0,214,214,5761,2146,3615,5761,1932,3829,0.3192245,0.52837974
GE.BKB.SH.gfz2023qwer.npz,1,9490,9489,7770,1930,5840,7769,-7560,15329,0.23713307,0.5321124
GE.TNTI.SH.gfz2018lwgs.npz,1,3862,3861,4595,2474,2121,4594,-1388,5982,0.28541666,0.54543465
GE.SOEI.SH.gfz2013pyhb.npz,0,3652,3652,6330,9310,2980,6330,5658,672,0.2871074,0.5317343
GE.PLAI.BL.gfz2014esmj.npz,1,3787,3786,3214,5094,1880,3213,1307,1906,0.33576134,0.53426
GE.JAGI.HH.gfz2009bbud.npz,0,6536,6536,5660,6327,667,5660,-209,5869,0.32773823,0.5768361
GE.TNTI.HH.gfz2009dseu.npz,0,451,451,3480,4219,739,3480,3768,288,0.30089313,0.5440637
GE.TOLI2.BL.gfz2024cmtg.npz,1,1639,1638,1168,1315,147,1167,-324,1491,0.3327657,0.5650866
GE.SANI.SH.gfz2023kcmg.npz,0,3574,3574,6600,9130,2530,6600,5556,1044,0.27785966,0.5256729
GE.TOLI2.BH.gfz2025dygb.npz,1,3387,3386,5049,6318,1269,5048,2931,2117,0.23004884,0.52903736
GE.LUWI.BL.gfz2009qgjm.npz,2,2010,2008,5471,1144,4327,5469,-866,6335,0.32743573,0.5940023
GE.SOEI.HH.gfz2010kolf.npz,0,12366,12366,6897,10459,3562,6897,-1907,8804,0.35473207,0.6874282
GE.LUWI.SH.gfz2024fyvc.npz,0,795,795,3674,5412,1738,3674,4617,943,0.3038806,0.5273985
GE.TNTI.HL.gfz2009bjnh.npz,0,11909,11909,6468,1655,4813,6468,-10254,16722,0.34743857,0.5473482
GE.BBJI.SH.gfz2024imhv.npz,1,1199,1198,13499,806,12693,13498,-393,13891,0.2980583,0.5501804
GE.TNTI.BH.gfz2014hjch.npz,1,1448,1447,1447,3438,1991,1446,1990,544,0.32750294,0.5341409
GE.GSI.SH.gfz2010ncnk.npz,0,2817,2817,2452,2526,74,2452,-291,2743,0.33522475,0.5419394
GE.SANI.SH.gfz2010antw.npz,0,284,284,4367,271,4096,4367,-13,4380,0.37318042,0.75743425
GE.JAGI.BH.gfz2024wupd.npz,0,2902,2902,7181,468,6713,7181,-2434,9615,0.33167157,0.5457744
GE.TNTI.HL.gfz2012atdb.npz,0,12482,12482,4513,10191,5678,4513,-2291,6804,0.36997455,0.54706764
GE.PLAI.BH.gfz2013vwga.npz,1,10395,10394,381,560,179,380,-9835,10215,0.30324012,0.59755975
GE.TOLI2.SH.gfz2024stnc.npz,0,3522,3522,3049,3190,141,3049,-332,3381,0.32220402,0.540862
GE.JAGI.BH.gfz2023gnmu.npz,0,2329,2329,1953,2194,241,1953,-135,2088,0.3195422,0.5618262
GE.MMRI.SH.gfz2013ribh.npz,0,1462,1462,1454,1848,394,1454,386,1068,0.33490452,0.5389295
GE.TNTI.BL.gfz2017ayqr.npz,1,1832,1831,1346,1657,311,1345,-175,1520,0.32741037,0.59900177
GE.TOLI2.BH.gfz2024cmtg.npz,1,1501,1500,1168,1317,149,1167,-184,1351,0.31627545,0.57307464
GE.SAUI.BH.gfz2013qvir.npz,1,5438,5437,3882,8407,4525,3881,2969,912,0.31757027,0.54271626
GE.UGM.BH.gfz2009rejp.npz,2,3704,3702,3607,4231,624,3605,527,3078,0.29149553,0.5395666
GE.SMRI.SH.gfz2012uneo.npz,0,2026,2026,3917,7346,3429,3917,5320,1403,0.3224988,0.5361398
GE.TOLI2.BL.gfz2024vdim.npz,1,8807,8806,8194,713,7481,8193,-8094,16287,0.33337992,0.5449846
GE.JAGI.SH.gfz2018mwlr.npz,1,2016,2015,1850,8482,6632,1849,6466,4617,0.32922643,0.54553235
GE.PLAI.BH.gfz2019qkjz.npz,1,1694,1693,1497,1543,46,1496,-151,1647,0.3114167,0.5388663
GE.PLAI.BH.gfz2025amik.npz,1,2164,2163,2068,2334,266,2067,170,1897,0.32092682,0.54938024
GE.MMRI.BH.gfz2025fwkg.npz,2,4691,4689,9144,10783,1639,9142,6092,3050,0.31032327,0.5479674
GE.BNDI.BL.gfz2023dips.npz,2,747,745,3333,9314,5981,3331,8567,5236,0.32750294,0.54095423
GE.MNAI.BL.gfz2018yajs.npz,1,2327,2326,1976,2818,842,1975,491,1484,0.34501436,0.54322094
GE.TOLI2.BH.gfz2017zisk.npz,1,1455,1454,614,9166,8552,613,7711,7098,0.28649673,0.5332445
GE.SANI.BH.gfz2025ewvp.npz,1,8006,8005,7172,3846,3326,7171,-4160,11331,0.30350196,0.5295444
GE.PLAI.BL.gfz2017ddhx.npz,1,3576,3575,3218,3725,507,3217,149,3068,0.36635104,0.57445675
GE.UGM.SL.gfz2015vcni.npz,0,1938,1938,1541,7362,5821,1541,5424,3883,0.3683745,0.54143256
GE.LUWI.BH.gfz2013ghxx.npz,1,2010,2009,2045,2063,18,2044,53,1991,0.30186433,0.5707183
GE.FAKI.BH.gfz2025dcky.npz,1,262,261,5234,5457,223,5233,5195,38,0.32673,0.5441982
GE.SMRI.BL.gfz2010ddjw.npz,0,1130,1130,3484,5906,2422,3484,4776,1292,0.32605386,0.5522424
GE.UGM.BL.gfz2009rejp.npz,2,4810,4808,3607,448,3159,3605,-4362,7967,0.32750294,0.54742503
GE.UGM.BH.gfz2015vcni.npz,1,1559,1558,1542,10582,9040,1541,9023,7482,0.3366799,0.5349178
GE.FAKI.SH.gfz2010ghiq.npz,0,982,982,4380,411,3969,4380,-571,4951,0.33865768,0.54400927
GE.JAGI.SH.gfz2025bckw.npz,0,5181,5181,3921,5033,1112,3921,-148,4069,0.30956778,0.5588863
GE.PLAI.SH.gfz2018hcmv.npz,1,1745,1744,1252,1644,392,1251,-101,1352,0.33213663,0.5675075
GE.SANI.BL.gfz2024imhv.npz,1,5107,5106,4927,6098,1171,4926,991,3935,0.32935473,0.55450296
GE.SAUI.BL.gfz2009rpju.npz,1,13125,13124,2302,9688,7386,2301,-3437,5738,0.31977293,0.5622911
GE.TNTI.BL.gfz2009zjqg.npz,1,3723,3722,2763,8690,5927,2762,4967,2205,0.3284505,0.58746135
GE.FAKI.HL.gfz2009bjlo.npz,0,11053,11053,2960,3231,271,2960,-7822,10782,0.3434249,0.5490232
GE.TNTI.BH.gfz2011ywdf.npz,1,2022,2021,1745,519,1226,1744,-1503,3247,0.32985318,0.54503405
GE.TNTI.BH.gfz2012yhuy.npz,2,2335,2333,4569,2298,2271,4567,-37,4604,0.28244317,0.5379599
GE.SANI.SH.gfz2022bkjt.npz,0,1622,1622,5592,5839,247,5592,4217,1375,0.32153046,0.6157972
GE.GSI.BL.gfz2021jpkx.npz,1,10900,10899,1984,7159,5175,1983,-3741,5724,0.33635032,0.5424433
GE.BNDI.SH.gfz2024urkq.npz,1,752,751,5448,1275,4173,5447,523,4924,0.28007457,0.53777844
GE.JAGI.BL.gfz2012rjhn.npz,1,3640,3639,2778,3736,958,2777,96,2681,0.33079734,0.57161635
GE.UGM.BL.gfz2009npjw.npz,1,3269,3268,2551,2884,333,2550,-385,2935,0.32750294,0.5974705
GE.UGM.BL.gfz2018iouz.npz,1,370,369,2081,5834,3753,2080,5464,3384,0.31956142,0.5282303
GE.SANI.BL.gfz2022xote.npz,1,4143,4142,3702,3940,238,3701,-203,3904,0.3363824,0.6221151
GE.SOEI.BH.gfz2025fshn.npz,1,6010,6009,5695,651,5044,5694,-5359,11053,0.28693005,0.5321778
GE.JAGI.BL.gfz2014esmj.npz,1,1745,1744,1598,2016,418,1597,271,1326,0.33676055,0.5747714
GE.TNTI.HH.gfz2009pyad.npz,0,12802,12802,4692,11194,6502,4692,-1608,6300,0.31015226,0.5467083
GE.GSI.BH.gfz2010yvmm.npz,1,10830,10829,2890,43,2847,2889,-10787,13676,0.32804692,0.5902793
GE.BNDI.SH.gfz2021jacz.npz,0,851,851,1993,7226,5233,1993,6375,4382,0.31015033,0.5279047
GE.JAGI.BH.gfz2012qetk.npz,1,1522,1521,1295,2096,801,1294,574,720,0.3292685,0.58442616
GE.TNTI.BL.gfz2009dctr.npz,2,483,481,3920,10358,6438,3918,9875,5957,0.32768175,0.54870236
GE.BBJI.SH.gfz2024kkci.npz,0,814,814,5116,6558,1442,5116,5744,628,0.30699116,0.5331352
GE.SAUI.BL.gfz2014brdi.npz,1,2131,2130,1658,2359,701,1657,228,1429,0.3312097,0.59023964
GE.LHMI.BH.gfz2016xzgq.npz,1,1282,1281,1119,1556,437,1118,274,844,0.33913866,0.54446125
GE.LHMI.SH.gfz2013qpmq.npz,0,1749,1749,4921,4906,15,4921,3157,1764,0.2681663,0.53583795
GE.PLAI.SH.gfz2012ilqg.npz,0,2092,2092,1887,2013,126,1887,-79,1966,0.35153687,0.57199913
GE.TOLI2.SH.gfz2013ghxx.npz,0,714,714,3552,4474,922,3552,3760,208,0.28979814,0.5662648
GE.TNTI.SH.gfz2014emyz.npz,0,1682,1682,5137,5838,701,5137,4156,981,0.31556445,0.5462145
GE.BNDI.BL.gfz2012xahl.npz,1,3054,3053,2813,3023,210,2812,-31,2843,0.34958553,0.580719
GE.SOEI.BH.gfz2012amyi.npz,1,331,330,7378,8018,640,7377,7687,310,0.30504724,0.5331221
GE.SOEI.BH.gfz2010kolf.npz,1,3389,3388,6898,12206,5308,6897,8817,1920,0.31653035,0.5317149
GE.FAKI.SH.gfz2025dcky.npz,1,5518,5517,5234,5503,269,5233,-15,5248,0.36483064,0.66266626
GE.JAGI.HL.gfz2009bkhv.npz,0,7211,7211,2823,7527,4704,2823,316,2507,0.34803995,0.54129744
GE.MMRI.SH.gfz2025fwkg.npz,1,4415,4414,9143,10782,1639,9142,6367,2775,0.32750294,0.5326292
GE.JAGI.BH.gfz2009bbud.npz,1,1499,1498,5661,6329,668,5660,4830,830,0.3279416,0.5464279
GE.SOEI.BL.gfz2013tulg.npz,2,2993,2991,5351,594,4757,5349,-2399,7748,0.3287338,0.5470185
GE.SOEI.HL.gfz2009psbv.npz,0,120,120,5427,13296,7869,5427,13176,7749,0.34888208,0.57021403
GE.FAKI.HH.gfz2009amcp.npz,0,1279,1279,3069,10830,7761,3069,9551,6482,0.26152465,0.532179
GE.SAUI.BL.gfz2012rbpj.npz,1,4118,4117,2751,3545,794,2750,-573,3323,0.33001795,0.54108274
GE.JAGI.BL.gfz2013jndg.npz,1,11098,11097,3825,4355,530,3824,-6743,10567,0.32992905,0.6118628
GE.MMRI.BL.gfz2009ilut.npz,2,4313,4311,6477,2335,4142,6475,-1978,8453,0.32750294,0.5604817
GE.TNTI.HH.gfz2009floe.npz,0,12696,12696,4646,344,4302,4646,-12352,16998,0.3426318,0.60323495
GE.BBJI.SH.gfz2024tufl.npz,1,3612,3611,3501,3547,46,3500,-65,3565,0.3658576,0.78654486
GE.PLAI.SH.gfz2018pmjk.npz,1,2577,2576,2199,4642,2443,2198,2065,133,0.24309237,0.5225056
GE.PLAI.BH.gfz2023sjso.npz,1,1793,1792,1414,1547,133,1413,-246,1659,0.333306,0.6208262
GE.UGM.BL.gfz2013ttpe.npz,0,126,126,1938,2120,182,1938,1994,56,0.3476761,0.5670277
GE.SMRI.BH.gfz2013qeoy.npz,1,3565,3564,2994,6542,3548,2993,2977,16,0.31009713,0.5295297
GE.UGM.BL.gfz2012kaia.npz,1,1415,1414,1409,1485,76,1408,70,1338,0.33283055,0.5521905
GE.BNDI.BL.gfz2023jjmg.npz,2,5967,5965,8087,755,7332,8085,-5212,13297,0.32513574,0.5454125
GE.FAKI.SH.gfz2014genx.npz,1,529,528,3226,3850,624,3225,3321,96,0.26848668,0.5315092
GE.LUWI.BL.gfz2009boun.npz,2,1785,1783,1399,11678,10279,1397,9893,8496,0.33360597,0.53616595
GE.TNTI.SH.gfz2014fzbl.npz,0,5022,5022,1712,2874,1162,1712,-2148,3860,0.25996354,0.54212767
GE.FAKI.SH.gfz2011ycjg.npz,0,7398,7398,6819,2419,4400,6819,-4979,11798,0.31771934,0.5422087
GE.TNTI.SH.gfz2013udpf.npz,1,12342,12341,1565,2338,773,1564,-10004,11568,0.32121378,0.5421707
GE.LUWI.BL.gfz2011xxju.npz,1,463,462,5322,6300,978,5321,5837,516,0.34337124,0.5590887
GE.LUWI.BH.gfz2009itjx.npz,1,4576,4575,5637,6437,800,5636,1861,3775,0.34442997,0.55037886
GE.SANI.BH.gfz2024hgro.npz,1,373,372,4988,523,4465,4987,150,4837,0.3128661,0.5863435
GE.SANI.SH.gfz2011xxju.npz,1,2509,2508,2398,2531,133,2397,22,2375,0.49152485,0.9245073
GE.GSI.BL.gfz2010ncnk.npz,1,2566,2565,2453,2820,367,2452,254,2198,0.33462143,0.5876972
GE.UGM.SH.gfz2011yfab.npz,1,4234,4233,3670,367,3303,3669,-3867,7536,0.3236224,0.5387074
GE.SANI.SH.gfz2013ucyl.npz,1,12566,12565,6919,662,6257,6918,-11904,18822,0.32750294,0.5361265
GE.GSI.BH.gfz2009dygp.npz,1,1871,1870,913,938,25,912,-933,1845,0.26892292,0.53756076
GE.TNTI.BL.gfz2009eqqh.npz,1,1247,1246,1182,7947,6765,1181,6700,5519,0.32750294,0.55608934
GE.SAUI.BH.gfz2014brdi.npz,1,2332,2331,1658,2442,784,1657,110,1547,0.29345736,0.56506395
GE.PLAI.BH.gfz2025bmwa.npz,1,2326,2325,2233,2293,60,2232,-33,2265,0.3353953,0.55368704
GE.TNTI.SH.gfz2019sgac.npz,1,12325,12324,2309,9454,7145,2308,-2871,5179,0.3327062,0.5400859
GE.SOEI.BH.gfz2009psbv.npz,1,787,786,5428,6430,1002,5427,5643,216,0.29871607,0.54402447
GE.MNAI.BL.gfz2009qkfw.npz,1,3117,3116,2857,4516,1659,2856,1399,1457,0.3340397,0.5477758
GE.JAGI.BH.gfz2009bkhv.npz,1,142,141,2824,3070,246,2823,2928,105,0.2974953,0.55859023
GE.MNAI.BL.gfz2013goiq.npz,1,1125,1124,1036,1111,75,1035,-14,1049,0.4687725,0.9842167
GE.MMRI.BH.gfz2009pxvj.npz,1,2077,2076,5395,1182,4213,5394,-895,6289,0.2900607,0.5355581
GE.UGM.BH.gfz2018hcuv.npz,1,1829,1828,1590,1852,262,1589,23,1566,0.3326199,0.55848116
GE.TNTI.HL.gfz2009eavu.npz,0,10847,10847,5071,5909,838,5071,-4938,10009,0.3792173,0.54708016
GE.FAKI.BL.gfz2009apup.npz,2,2958,2956,2920,2966,46,2918,8,2910,0.31696618,0.5531767
GE.LUWI.BL.gfz2013pxfu.npz,1,1906,1905,1833,6322,4489,1832,4416,2584,0.32750294,0.53286743
GE.MNAI.BH.gfz2021lyjz.npz,1,1286,1285,840,1618,778,839,332,507,0.31885707,0.553947
GE.PLAI.SL.gfz2012azkx.npz,0,1593,1593,1447,1623,176,1447,30,1417,0.35994262,0.9110476
GE.LUWI.HL.gfz2009bjnh.npz,0,10691,10691,8852,10358,1506,8852,-333,9185,0.35465026,0.5420697
GE.LHMI.BL.gfz2023acqq.npz,1,13041,13040,337,12414,12077,336,-627,963,0.31391972,0.5704172
GE.BNDI.BL.gfz2010abkc.npz,1,4390,4389,3066,9420,6354,3065,5030,1965,0.32750294,0.5366315
GE.SOEI.BH.gfz2025bzud.npz,1,293,292,6172,259,5913,6171,-34,6205,0.3137392,0.5527533
GE.TNTI.SH.gfz2023szzv.npz,1,2094,2093,3972,9722,5750,3971,7628,3657,0.3109303,0.5240373
GE.TNTI.BH.gfz2025czgt.npz,1,4630,4629,1240,1486,246,1239,-3144,4383,0.27993935,0.5521769
GE.TNTI.BL.gfz2012yhuy.npz,2,2234,2232,4569,3024,1545,4567,790,3777,0.32748485,0.547306
GE.TNTI.BH.gfz2009dhbx.npz,0,370,370,3534,4247,713,3534,3877,343,0.30033672,0.53357935
GE.TNTI.BH.gfz2009pyad.npz,1,2975,2974,4693,11198,6505,4692,8223,3531,0.28934252,0.5386552
GE.JAGI.SH.gfz2014ghxq.npz,0,1883,1883,1668,1910,242,1668,27,1641,0.34738016,0.5615142
GE.SOEI.BH.gfz2009zbqz.npz,1,347,346,6906,934,5972,6905,587,6318,0.29707083,0.5266987
GE.LUWI.SH.gfz2024fmvg.npz,1,1222,1221,4831,12886,8055,4830,11664,6834,0.29226837,0.5321376
GE.TNTI.BH.gfz2015thvg.npz,1,1484,1483,2645,3561,916,2644,2077,567,0.30725482,0.539515
GE.TOLI2.BH.gfz2025dlfh.npz,1,2467,2466,2085,2187,102,2084,-280,2364,0.3196807,0.5494876
GE.GSI.BL.gfz2010yvmm.npz,1,1253,1252,2890,53,2837,2889,-1200,4089,0.32750735,0.61760044
