filename,p_true,p_pred,p_error,s_true,s_pred,s_error,ps_true,ps_pred,ps_error,p_prob_max,s_prob_max
GE.UGM.BL.gfz2010ddjw.npz,1,3276,3275,2719,3083,364,2718,-193,2911,0.40122607,0.585098
GE.TNTI.BL.gfz2009ayha.npz,0,9268,9268,6659,5546,1113,6659,-3722,10381,0.40685886,0.519921
GE.SOEI.BH.gfz2012mpmh.npz,1,4734,4733,3999,365,3634,3998,-4369,8367,0.43573365,0.61291826
GE.MNAI.BL.gfz2009xyqn.npz,1,1128,1127,1086,1188,102,1085,60,1025,0.53937376,0.5679142
GE.LHMI.SH.gfz2013urpd.npz,1,3332,3331,1666,6363,4697,1665,3031,1366,0.42176673,0.5128573
GE.PLAI.SL.gfz2012xqdd.npz,0,571,571,4549,4886,337,4549,4315,234,0.43307343,0.59738153
GE.MMRI.SH.gfz2013hbue.npz,0,1248,1248,3667,877,2790,3667,-371,4038,0.3751374,0.5398917
GE.BNDI.SH.gfz2018qhyw.npz,0,1698,1698,1533,1824,291,1533,126,1407,0.3951018,0.5485916
GE.TNTI.BL.gfz2009fgfn.npz,1,3666,3665,3549,4221,672,3548,555,2993,0.42285275,0.5462266
GE.MMRI.BL.gfz2019hinv.npz,1,3224,3223,2213,2799,586,2212,-425,2637,0.40220988,0.5576684
GE.FAKI.BH.gfz2009ayxo.npz,1,7736,7735,5473,9949,4476,5472,2213,3259,0.4000264,0.54439855
GE.SOEI.BL.gfz2013yfql.npz,1,1152,1151,736,1614,878,735,462,273,0.42517284,0.49263918
GE.GSI.BH.gfz2012uhbt.npz,1,2116,2115,1276,1648,372,1275,-468,1743,0.4585435,0.56261784
GE.LHMI.BL.gfz2012rato.npz,1,2740,2739,1813,2926,1113,1812,186,1626,0.39319223,0.5089589
GE.LUWI.HH.gfz2009qkjn.npz,0,3604,3604,2035,3677,1642,2035,73,1962,0.4368285,0.57194585
GE.PLAI.SH.gfz2024yqam.npz,1,4008,4007,3897,4092,195,3896,84,3812,0.42310226,0.5884235
GE.GSI.BL.gfz2021kfyy.npz,1,2764,2763,2467,2627,160,2466,-137,2603,0.4921658,0.6543779
GE.MMRI.SH.gfz2024wupd.npz,1,7376,7375,4869,4997,128,4868,-2379,7247,0.4035238,0.51753324
GE.PLAI.SL.gfz2017ddhx.npz,0,783,783,3217,3290,73,3217,2507,710,0.37782428,0.6097339
GE.BBJI.BH.gfz2024nomt.npz,1,7220,7219,2838,3359,521,2837,-3861,6698,0.4322091,0.5635341
GE.LUWI.SH.gfz2010abbl.npz,1,474,473,5712,6793,1081,5711,6319,608,0.37973964,0.5434841
GE.JAGI.SH.gfz2012qetk.npz,1,1458,1457,1295,1350,55,1294,-108,1402,0.43237233,0.6113522
GE.LUWI.BL.gfz2010ciep.npz,1,1713,1712,1317,1534,217,1316,-179,1495,0.41723004,0.56881005
GE.FAKI.BH.gfz2012amyi.npz,1,5496,5495,4987,5122,135,4986,-374,5360,0.42400393,0.56318814
GE.BNDI.BH.gfz2012gezz.npz,1,1930,1929,1821,1933,112,1820,3,1817,0.48132694,0.5071721
GE.JAGI.SH.gfz2013hbue.npz,1,2440,2439,5466,1145,4321,5465,-1295,6760,0.424588,0.55025196
GE.GSI.SH.gfz2015bvov.npz,0,1636,1636,884,1690,806,884,54,830,0.39109412,0.55599415
GE.SAUI.BH.gfz2020iiaf.npz,1,7518,7517,1910,9917,8007,1909,2399,490,0.39999583,0.508571
GE.JAGI.BH.gfz2017nmdx.npz,1,2136,2135,1595,11287,9692,1594,9151,7557,0.36743057,0.49385208
GE.FAKI.HL.gfz2009bmox.npz,0,2442,2442,6002,10204,4202,6002,7762,1760,0.39553842,0.5750906
GE.GSI.BH.gfz2013qpmq.npz,1,2264,2263,2213,11773,9560,2212,9509,7297,0.38511625,0.52364624
GE.SOEI.BH.gfz2009rpju.npz,1,1268,1267,7619,810,6809,7618,-458,8076,0.41499743,0.5325365
GE.FAKI.BL.gfz2009daap.npz,1,5388,5387,5275,5596,321,5274,208,5066,0.46612784,0.52600217
GE.LUWI.HL.gfz2009ilut.npz,0,8304,8304,8427,8306,121,8427,2,8425,0.46557584,0.5776546
GE.FAKI.BH.gfz2009yode.npz,1,10180,10179,2932,3168,236,2931,-7012,9943,0.4088469,0.66196686
GE.FAKI.BL.gfz2013wlbf.npz,1,1380,1379,2560,6285,3725,2559,4905,2346,0.39729688,0.540822
GE.TNTI.HL.gfz2009rdgk.npz,0,11358,11358,2206,459,1747,2206,-10899,13105,0.46344668,0.5449403
GE.MMRI.BH.gfz2025amik.npz,1,1616,1615,3520,2037,1483,3519,421,3098,0.39180666,0.5216576
GE.SAUI.HH.gfz2009tkfn.npz,0,4384,4384,8707,8989,282,8707,4605,4102,0.42639604,0.5322455
GE.TNTI.BL.gfz2009bmox.npz,2,3966,3964,2029,2339,310,2027,-1627,3654,0.4042149,0.5271038
GE.LUWI.BL.gfz2009bjnh.npz,1,4938,4937,8853,4681,4172,8852,-257,9109,0.404173,0.51996255
GE.MMRI.BL.gfz2012ugap.npz,1,2824,2823,2375,3215,840,2374,391,1983,0.44057176,0.55289125
GE.FAKI.BL.gfz2009aqpt.npz,1,1384,1383,3401,236,3165,3400,-1148,4548,0.419409,0.54293996
GE.TNTI.BL.gfz2009czsb.npz,1,3400,3399,3556,4176,620,3555,776,2779,0.4040982,0.63028157
GE.TNTI.SH.gfz2012yhuy.npz,0,2328,2328,4567,9865,5298,4567,7537,2970,0.44982094,0.5270419
GE.UGM.SL.gfz2014bxsc.npz,1,1780,1779,1752,9953,8201,1751,8173,6422,0.5659187,0.5945419
GE.SOEI.SH.gfz2013qvir.npz,0,388,388,5059,11103,6044,5059,10715,5656,0.4135821,0.493152
GE.UGM.SH.gfz2012uneo.npz,0,4692,4692,3797,10782,6985,3797,6090,2293,0.39820683,0.5141109
GE.JAGI.BH.gfz2024xkub.npz,1,1794,1793,1170,1242,72,1169,-552,1721,0.41227326,0.54747367
GE.TOLI2.SH.gfz2013hjin.npz,1,340,339,7615,8032,417,7614,7692,78,0.41354486,0.5468878
GE.MMRI.HH.gfz2009ilut.npz,0,526,526,6475,7879,1404,6475,7353,878,0.36003336,0.52101475
GE.LUWI.BL.gfz2012wmnj.npz,1,2028,2027,1934,1989,55,1933,-39,1972,0.39486045,0.5449366
GE.FAKI.HH.gfz2009atqt.npz,0,5592,5592,3303,3487,184,3303,-2105,5408,0.38651934,0.5990462
GE.BKNI.SH.gfz2022gjiw.npz,1,18,17,3140,3262,122,3139,3244,105,0.39796457,0.5569475
GE.TNTI.BH.gfz2009frwm.npz,1,3994,3993,3454,5059,1605,3453,1065,2388,0.4321327,0.5164941
GE.FAKI.BH.gfz2009rpju.npz,1,11016,11015,4454,4557,103,4453,-6459,10912,0.40894946,0.6535999
GE.SMRI.SH.gfz2015vcni.npz,1,2383,2382,2258,10169,7911,2257,7786,5529,0.4205965,0.53594995
GE.SAUI.BL.gfz2010kolf.npz,1,3240,3239,2503,10779,8276,2502,7539,5037,0.42291632,0.5234112
GE.UGM.SH.gfz2012atnm.npz,1,1835,1834,1416,1597,181,1415,-238,1653,0.37843737,0.6055276
GE.PLAI.BH.gfz2019cznc.npz,1,2216,2215,1364,1888,524,1363,-328,1691,0.4630391,0.5597069
GE.TNTI.BH.gfz2013rzij.npz,1,2594,2593,1609,10781,9172,1608,8187,6579,0.38757464,0.5067873
GE.SAUI.HH.gfz2009sufe.npz,0,6234,6234,2196,2641,445,2196,-3593,5789,0.38102487,0.5893062
GE.FAKI.HL.gfz2009bgxf.npz,0,271,271,2890,587,2303,2890,316,2574,0.40125838,0.51468533
GE.SAUI.SH.gfz2021ubnw.npz,0,12744,12744,1858,2400,542,1858,-10344,12202,0.42154834,0.65882266
GE.TNTI.BL.gfz2013rzij.npz,1,9042,9041,1609,10875,9266,1608,1833,225,0.38828304,0.5286825
GE.UGM.SH.gfz2010fnia.npz,0,1928,1928,1764,2048,284,1764,120,1644,0.39336097,0.5436495
GE.SMRI.BH.gfz2013jvgk.npz,1,1556,1555,4004,4385,381,4003,2829,1174,0.36340204,0.52423877
GE.SMRI.BH.gfz2009boyf.npz,2,682,680,3155,3263,108,3153,2581,572,0.40144888,0.52598095
GE.LHMI.BL.gfz2013urpd.npz,1,7790,7789,1666,7823,6157,1665,33,1632,0.39330658,0.5523452
GE.MNAI.BH.gfz2010atkp.npz,1,1260,1259,1187,1268,81,1186,8,1178,0.5135673,0.77574795
GE.FAKI.HH.gfz2009dkli.npz,0,916,916,9495,9685,190,9495,8769,726,0.49106833,0.58160144
GE.TNTI.HH.gfz2009qghs.npz,0,2848,2848,2191,5865,3674,2191,3017,826,0.3985673,0.54283136
GE.MMRI.BH.gfz2013fkbz.npz,2,4840,4838,2505,2764,259,2503,-2076,4579,0.38909462,0.5843423
GE.TNTI.BH.gfz2010awor.npz,1,5316,5315,4411,4729,318,4410,-587,4997,0.39457265,0.5642509
GE.TNTI.HL.gfz2009bmox.npz,0,2926,2926,2027,3323,1296,2027,397,1630,0.3896065,0.5542292
GE.MMRI.BH.gfz2024wupd.npz,2,84,82,4870,43,4827,4868,-41,4909,0.4467472,0.52446
GE.UGM.BH.gfz2009ptvf.npz,1,2350,2349,1988,7063,5075,1987,4713,2726,0.38990897,0.517219
GE.TOLI2.SH.gfz2012yhuy.npz,0,3176,3176,8977,849,8128,8977,-2327,11304,0.3501271,0.5106042
GE.FAKI.BL.gfz2009avte.npz,0,12538,12538,5234,5449,215,5234,-7089,12323,0.45385808,0.6161623
GE.LUWI.HL.gfz2009floe.npz,0,11652,11652,3111,3184,73,3111,-8468,11579,0.44256747,0.65199566
GE.JAGI.BL.gfz2012rjfs.npz,2,3646,3644,2948,9445,6497,2946,5799,2853,0.40863565,0.5228951
GE.SOEI.BH.gfz2012heuj.npz,1,6644,6643,6064,6329,265,6063,-315,6378,0.42747888,0.5298438
GE.TNTI.BH.gfz2024qrxn.npz,1,2254,2253,1820,2409,589,1819,155,1664,0.47244868,0.52406037
GE.SANI.SH.gfz2015thvg.npz,0,255,255,3552,3742,190,3552,3487,65,0.47194532,0.7176108
GE.TNTI.BH.gfz2009dseu.npz,1,4186,4185,3481,4275,794,3480,89,3391,0.3796127,0.52360314
GE.LUWI.SH.gfz2017cdvt.npz,1,1668,1667,1261,1757,496,1260,89,1171,0.45751825,0.5456578
GE.GSI.SH.gfz2010wlnb.npz,0,3051,3051,2862,3159,297,2862,108,2754,0.41662008,0.562817
GE.MNAI.BL.gfz2013ydaj.npz,0,2034,2034,1816,1966,150,1816,-68,1884,0.40698373,0.56375086
GE.GENI.SH.gfz2012nver.npz,0,1044,1044,965,1078,113,965,34,931,0.42281997,0.5077513
GE.LUWI.BH.gfz2009bjnh.npz,1,2056,2055,8853,8859,6,8852,6803,2049,0.39000434,0.5340672
GE.UGM.BH.gfz2016dbtc.npz,1,2564,2563,2389,2522,133,2388,-42,2430,0.39028713,0.60061413
GE.TOLI2.SH.gfz2025dlfh.npz,0,6316,6316,2084,2479,395,2084,-3837,5921,0.37742448,0.57094955
GE.UGM.BH.gfz2010fnia.npz,1,1928,1927,1765,2048,283,1764,120,1644,0.4128634,0.5343637
GE.TOLI2.BL.gfz2025bymb.npz,1,1608,1607,1214,1712,498,1213,104,1109,0.5422187,0.5751657
GE.PLAI.BL.gfz2012dcye.npz,1,1448,1447,1107,1205,98,1106,-243,1349,0.44807124,0.59477645
GE.FAKI.HL.gfz2009tkfn.npz,0,3632,3632,3328,3620,292,3328,-12,3340,0.448583,0.6790407
GE.SOEI.HH.gfz2009qfbt.npz,0,8772,8772,5523,5742,219,5523,-3030,8553,0.42487276,0.54713255
GE.FAKI.SH.gfz2009zbqz.npz,0,12634,12634,5099,5193,94,5099,-7441,12540,0.3959028,0.5523645
GE.PLAI.BL.gfz2014ghxq.npz,1,504,503,2977,6895,3918,2976,6391,3415,0.4425092,0.53765583
GE.TOLI2.BH.gfz2024qmwb.npz,1,4532,4531,8311,8980,669,8310,4448,3862,0.39513868,0.5242938
GE.PLAI.BH.gfz2025bckw.npz,1,1672,1671,1563,1772,209,1562,100,1462,0.399916,0.54679596
GE.MNAI.BH.gfz2013xmza.npz,1,1140,1139,1007,1199,192,1006,59,947,0.43202338,0.5192833
GE.MNAI.HL.gfz2009rjtx.npz,0,5926,5926,5202,1949,3253,5202,-3977,9179,0.41675752,0.5246647
GE.GSI.SH.gfz2013cxen.npz,0,43,43,2901,3131,230,2901,3088,187,0.49367544,0.5041086
GE.UGM.BL.gfz2013crnj.npz,1,1733,1732,1648,1723,75,1647,-10,1657,0.42618567,0.5489311
GE.UGM.SL.gfz2013ttpe.npz,0,9210,9210,1938,2156,218,1938,-7054,8992,0.40827525,0.55802274
GE.FAKI.BH.gfz2009aixg.npz,1,1240,1239,3068,5561,2493,3067,4321,1254,0.39107892,0.5805644
GE.FAKI.BL.gfz2009zbqz.npz,1,239,238,5100,269,4831,5099,30,5069,0.41670218,0.5590677
GE.FAKI.BL.gfz2012cnkn.npz,1,3720,3719,3386,3339,47,3385,-381,3766,0.42361328,0.58405185
GE.GSI.SH.gfz2021kfyy.npz,0,2668,2668,2466,2563,97,2466,-105,2571,0.40590453,0.76077265
GE.SMRI.HL.gfz2009boyf.npz,0,11457,11457,3153,4106,953,3153,-7351,10504,0.50266886,0.5860741
GE.TNTI.HL.gfz2009agwc.npz,0,6340,6340,5357,641,4716,5357,-5699,11056,0.41405097,0.5502917
GE.BKNI.BH.gfz2012gitd.npz,1,7584,7583,1376,1520,144,1375,-6064,7439,0.43918043,0.6254535
GE.SOEI.BL.gfz2025gvra.npz,1,10632,10631,6939,7799,860,6938,-2833,9771,0.38447133,0.5783631
GE.LHMI.BL.gfz2011kyss.npz,0,9816,9816,1774,1853,79,1774,-7963,9737,0.37955463,0.5260338
GE.TNTI.BH.gfz2009hmmo.npz,2,12507,12505,2880,12419,9539,2878,-88,2966,0.40249327,0.53218687
GE.FAKI.HL.gfz2009ewtf.npz,0,10945,10945,7975,6619,1356,7975,-4326,12301,0.4428124,0.5528349
GE.FAKI.HH.gfz2009ayty.npz,0,3576,3576,3316,5825,2509,3316,2249,1067,0.40950346,0.5636958
GE.UGM.BL.gfz2009bbud.npz,1,2848,2847,2427,2528,101,2426,-320,2746,0.48951003,0.5627693
GE.UGM.SH.gfz2014kwfg.npz,1,10692,10691,1692,1698,6,1691,-8994,10685,0.39751068,0.56460387
GE.SAUI.BL.gfz2013tulg.npz,1,5118,5117,3696,4461,765,3695,-657,4352,0.38877878,0.54284334
GE.UGM.BH.gfz2009bjnh.npz,0,8340,8340,13499,3437,10062,13499,-4903,18402,0.40381408,0.5118918
GE.SANI.BH.gfz2011xxju.npz,1,2553,2552,2398,2512,114,2397,-41,2438,0.42221856,0.70806944
GE.FAKI.HL.gfz2009nqxv.npz,0,13322,13322,4630,4785,155,4630,-8537,13167,0.40906996,0.53559923
GE.PLAI.SH.gfz2017culr.npz,1,10112,10111,1408,1499,91,1407,-8613,10020,0.3907626,0.62223643
GE.LUWI.BH.gfz2009floe.npz,1,3391,3390,3112,3221,109,3111,-170,3281,0.42934835,0.5370408
GE.SANI.SH.gfz2013grue.npz,0,8456,8456,8086,647,7439,8086,-7809,15895,0.38283914,0.5282179
GE.FAKI.BL.gfz2009cdlz.npz,1,4369,4368,4166,4473,307,4165,104,4061,0.40248382,0.5619733
GE.MMRI.BH.gfz2013ribh.npz,1,1800,1799,1455,1708,253,1454,-92,1546,0.4030314,0.54476124
GE.LHMI.HL.gfz2009epev.npz,0,1646,1646,1127,1652,525,1127,6,1121,0.46076387,0.54908997
GE.TNTI.BL.gfz2009qgjm.npz,1,1828,1827,1572,2139,567,1571,311,1260,0.42764348,0.5719159
GE.MMRI.BL.gfz2013hbue.npz,1,4098,4097,3668,4425,757,3667,327,3340,0.42045018,0.53935206
GE.JAGI.BL.gfz2009zipp.npz,1,10082,10081,4122,4370,248,4121,-5712,9833,0.43849847,0.5118567
GE.BNDI.BL.gfz2017bxmp.npz,1,2664,2663,2531,2864,333,2530,200,2330,0.502894,0.5807204
GE.GSI.BH.gfz2022twah.npz,1,1428,1427,922,1439,517,921,11,910,0.5364218,0.6120487
GE.MMRI.BH.gfz2022sqkl.npz,1,820,819,3512,4235,723,3511,3415,96,0.3834011,0.54038745
GE.TNTI.HH.gfz2009agwc.npz,0,5710,5710,5357,5535,178,5357,-175,5532,0.44011572,0.5861135
GE.MNAI.SH.gfz2021lyjz.npz,1,1438,1437,840,12037,11197,839,10599,9760,0.4121788,0.50071985
GE.FAKI.HL.gfz2009aczt.npz,0,9198,9198,10138,11805,1667,10138,2607,7531,0.40654376,0.564027
GE.FAKI.BH.gfz2010kolf.npz,0,2378,2378,5220,5187,33,5220,2809,2411,0.42880362,0.59873414
GE.LUWI.SH.gfz2024hdte.npz,1,8136,8135,7475,4078,3397,7474,-4058,11532,0.40598541,0.50085104
GE.SOEI.HH.gfz2009rpju.npz,0,1268,1268,7618,8369,751,7618,7101,517,0.41431403,0.51002353
GE.PLAI.BH.gfz2014esmj.npz,1,3640,3639,3214,3495,281,3213,-145,3358,0.41238773,0.5588002
GE.PLAI.SH.gfz2022sqkl.npz,1,2140,2139,2093,2257,164,2092,117,1975,0.39833355,0.61740136
GE.FAKI.BL.gfz2009ayty.npz,0,247,247,3316,3614,298,3316,3367,51,0.427189,0.5674621
GE.PMBI.BL.gfz2011swwe.npz,0,2696,2696,2673,12716,10043,2673,10020,7347,0.43832442,0.54231846
GE.UGM.BL.gfz2010bjpa.npz,1,11224,11223,3717,4042,325,3716,-7182,10898,0.4205096,0.5127133
GE.TNTI.HH.gfz2009algf.npz,0,2344,2344,1726,11306,9580,1726,8962,7236,0.41862,0.524817
GE.TNTI.BH.gfz2020iwiv.npz,1,2212,2211,1420,5833,4413,1419,3621,2202,0.40700343,0.51621747
GE.TNTI.SH.gfz2014hjch.npz,1,1984,1983,1447,1494,47,1446,-490,1936,0.43611658,0.51606977
GE.LUWI.BL.gfz2012rszr.npz,1,11274,11273,3320,3488,168,3319,-7786,11105,0.42353728,0.5465111
GE.GSI.BH.gfz2022gjiw.npz,0,2488,2488,2410,2496,86,2410,8,2402,0.4606154,0.5753539
GE.TOLI2.SH.gfz2025bymb.npz,1,1492,1491,1214,1665,451,1213,173,1040,0.45072806,0.59124446
GE.SOEI.BL.gfz2025dcky.npz,0,290,290,6361,4283,2078,6361,3993,2368,0.406767,0.496671
GE.TNTI.BH.gfz2017ayqr.npz,1,4104,4103,1346,1792,446,1345,-2312,3657,0.40987366,0.5081604
GE.TNTI.SH.gfz2014jcyq.npz,0,4760,4760,4235,4847,612,4235,87,4148,0.42415926,0.57203203
GE.SAUI.SH.gfz2013aruy.npz,0,4276,4276,2769,3102,333,2769,-1174,3943,0.3933039,0.56506306
GE.TNTI.BH.gfz2009czsb.npz,1,8436,8435,3556,10953,7397,3555,2517,1038,0.38681352,0.526201
GE.PLAI.BH.gfz2019usec.npz,1,6788,6787,1222,1264,42,1221,-5524,6745,0.4010457,0.57128865
GE.GSI.BH.gfz2009cktz.npz,1,4364,4363,2152,7393,5241,2151,3029,878,0.38962683,0.4991649
GE.MNAI.HL.gfz2009mwyd.npz,0,6260,6260,2775,2971,196,2775,-3289,6064,0.40855992,0.6287615
GE.FAKI.BL.gfz2009agmj.npz,1,6996,6995,3180,283,2897,3179,-6713,9892,0.40117878,0.51975375
GE.FAKI.SH.gfz2014fbzr.npz,0,3888,3888,2986,4253,1267,2986,365,2621,0.41711846,0.52319497
GE.UGM.BL.gfz2012uneo.npz,2,1348,1346,3799,9576,5777,3797,8228,4431,0.40363383,0.5236081
GE.SAUI.BH.gfz2016mcqf.npz,1,8772,8771,2266,11453,9187,2265,2681,416,0.37443718,0.5117613
GE.MMRI.BH.gfz2009efga.npz,1,12284,12283,6775,7537,762,6774,-4747,11521,0.37573904,0.5025655
GE.BBJI.BL.gfz2018bubc.npz,1,2284,2283,1926,2095,169,1925,-189,2114,0.47973752,0.6054867
GE.PLAI.BL.gfz2013sril.npz,1,3364,3363,2556,2841,285,2555,-523,3078,0.41238773,0.6086114
GE.SANI.BH.gfz2013nflx.npz,1,3320,3319,5963,163,5800,5962,-3157,9119,0.42005524,0.8493522
GE.PLAI.SH.gfz2025bmwa.npz,1,8536,8535,2233,2300,67,2232,-6236,8468,0.41433296,0.65130365
GE.MMRI.BH.gfz2009ilut.npz,2,2848,2846,6477,7879,1402,6475,5031,1444,0.37730742,0.5340039
GE.GSI.BL.gfz2016rfim.npz,1,2193,2192,1568,2244,676,1567,51,1516,0.4100474,0.6600999
GE.BBJI.BH.gfz2024xqwc.npz,1,1624,1623,1051,1074,23,1050,-550,1600,0.38863945,0.6415291
GE.TNTI.HL.gfz2009waho.npz,0,4206,4206,2791,3120,329,2791,-1086,3877,0.41947857,0.5366821
GE.TNTI.BH.gfz2009eqqh.npz,1,1368,1367,1182,1241,59,1181,-127,1308,0.45236525,0.5647596
GE.JAGI.BH.gfz2009ruvn.npz,1,4424,4423,4304,5289,985,4303,865,3438,0.41383907,0.52649593
GE.JAGI.HH.gfz2009bkhv.npz,0,2884,2884,2823,3089,266,2823,205,2618,0.4515943,0.62453264
GE.TNTI.BH.gfz2024fmvg.npz,2,2114,2112,1405,1953,548,1403,-161,1564,0.38501307,0.5602642
GE.SAUI.BL.gfz2020iiaf.npz,1,11310,11309,1910,7933,6023,1909,-3377,5286,0.3952544,0.5069393
GE.PLAI.SL.gfz2019qkjz.npz,0,13258,13258,1496,1692,196,1496,-11566,13062,0.4102644,0.60270494
GE.BNDI.SH.gfz2009yode.npz,1,2978,2977,2360,2863,503,2359,-115,2474,0.37392247,0.6046891
GE.UGM.BH.gfz2010teou.npz,1,5688,5687,4812,5581,769,4811,-107,4918,0.40137267,0.537896
GE.SAUI.BL.gfz2009sufe.npz,1,2751,2750,2197,2831,634,2196,80,2116,0.38539714,0.53502244
GE.GSI.SH.gfz2012nrpy.npz,0,6820,6820,6273,3098,3175,6273,-3722,9995,0.42645875,0.606215
GE.SMRI.BH.gfz2018hcuv.npz,1,8328,8327,2522,2593,71,2521,-5735,8256,0.43828085,0.60428244
GE.TNTI.BL.gfz2009dijd.npz,2,4376,4374,2353,2451,98,2351,-1925,4276,0.4288117,0.5516633
GE.SANI.BL.gfz2015thvg.npz,1,12052,12051,3553,559,2994,3552,-11493,15045,0.42365262,0.5556817
GE.TNTI.BL.gfz2010abbl.npz,1,12050,12049,1743,11163,9420,1742,-887,2629,0.40154,0.5191575
GE.FAKI.BH.gfz2009oubh.npz,1,6076,6075,5632,6059,427,5631,-17,5648,0.44648778,0.576273
GE.TNTI.BH.gfz2009eavu.npz,2,1658,1656,5073,984,4089,5071,-674,5745,0.40765765,0.5089701
GE.TNTI.BH.gfz2016mexu.npz,2,6356,6354,915,1772,857,913,-4584,5497,0.39011237,0.52539104
GE.UGM.SH.gfz2015kylx.npz,1,3118,3117,2107,2491,384,2106,-627,2733,0.40169364,0.58626753
GE.UGM.BL.gfz2009boyf.npz,1,3307,3306,3030,449,2581,3029,-2858,5887,0.4713177,0.5792537
GE.FAKI.SH.gfz2024quvs.npz,1,13380,13379,5616,6383,767,5615,-6997,12612,0.39189145,0.556089
GE.FAKI.BH.gfz2009rhsi.npz,1,10244,10243,4017,4117,100,4016,-6127,10143,0.4052514,0.650879
GE.BNDI.BH.gfz2025fwkg.npz,1,3500,3499,2529,10267,7738,2528,6767,4239,0.39165634,0.5036242
GE.FAKI.BL.gfz2013avzn.npz,1,4624,4623,4374,4521,147,4373,-103,4476,0.43684724,0.62908435
GE.FAKI.HL.gfz2009blcy.npz,0,3302,3302,2905,3218,313,2905,-84,2989,0.44049796,0.6646359
GE.GSI.BH.gfz2025cdqz.npz,1,2526,2525,2079,10167,8088,2078,7641,5563,0.4090591,0.52330583
GE.TNTI.BH.gfz2009bmox.npz,2,3588,3586,2029,11713,9684,2027,8125,6098,0.3979192,0.54764444
GE.LUWI.BL.gfz2013qwcb.npz,0,1422,1422,3053,3401,348,3053,1979,1074,0.41611394,0.5942771
GE.TNTI.HH.gfz2009fgfn.npz,0,11118,11118,3548,4249,701,3548,-6869,10417,0.34227687,0.528454
GE.LUWI.BH.gfz2017ukwz.npz,1,5720,5719,1249,1444,195,1248,-4276,5524,0.36676928,0.5762768
GE.PLAI.SH.gfz2017nlxf.npz,1,1826,1825,1473,2198,725,1472,372,1100,0.39103356,0.49476284
GE.LUWI.BH.gfz2012widq.npz,1,11858,11857,2219,2534,315,2218,-9324,11542,0.398247,0.55540055
GE.MNAI.BL.gfz2013uvlo.npz,2,5084,5082,4637,5177,540,4635,93,4542,0.3844181,0.5797121
GE.MMRI.SH.gfz2012rbpj.npz,1,3224,3223,7204,10517,3313,7203,7293,90,0.4172175,0.50083977
GE.UGM.SH.gfz2012cipp.npz,0,1780,1780,1696,11197,9501,1696,9417,7721,0.44767302,0.4914664
GE.GSI.SH.gfz2016rfim.npz,1,6372,6371,1568,2569,1001,1567,-3803,5370,0.41747105,0.5233568
GE.SANI.SH.gfz2010ghiq.npz,0,7188,7188,6709,7295,586,6709,107,6602,0.40223652,0.5191972
GE.FAKI.BH.gfz2018qtuf.npz,1,3272,3271,2929,3436,507,2928,164,2764,0.39913532,0.5765478
GE.TOLI2.SH.gfz2014iwpt.npz,0,1684,1684,3161,1052,2109,3161,-632,3793,0.43159565,0.503574
GE.BNDI.BH.gfz2025dcky.npz,1,6820,6819,3294,1117,2177,3293,-5703,8996,0.40496016,0.53595906
GE.FAKI.BL.gfz2010abkc.npz,1,5096,5095,4816,5103,287,4815,7,4808,0.45442572,0.6613053
GE.GSI.BH.gfz2012hidg.npz,1,2464,2463,2178,2688,510,2177,224,1953,0.41343576,0.6032212
GE.SOEI.BL.gfz2014mnzy.npz,1,12072,12071,1703,11833,10130,1702,-239,1941,0.4094463,0.5276137
GE.FAKI.HL.gfz2009byjb.npz,0,12094,12094,4194,4268,74,4194,-7826,12020,0.47583982,0.66609037
GE.MNAI.BL.gfz2020wrfa.npz,1,1104,1103,937,6637,5700,936,5533,4597,0.5094256,0.4992662
GE.JAGI.BL.gfz2023qwer.npz,1,344,343,5565,370,5195,5564,26,5538,0.41344595,0.5344419
GE.PLAI.SH.gfz2025ghay.npz,0,12068,12068,1791,11229,9438,1791,-839,2630,0.38428837,0.5366718
GE.MNAI.SH.gfz2009xyqn.npz,0,1131,1131,1085,1149,64,1085,18,1067,0.477055,0.56255776
GE.JAGI.HH.gfz2009bjnh.npz,0,11444,11444,13499,1389,12110,13499,-10055,23554,0.43898913,0.5324726
GE.BNDI.BL.gfz2010ghiq.npz,1,280,279,2661,3261,600,2660,2981,321,0.4574028,0.51808137
GE.JAGI.SH.gfz2024wupd.npz,1,949,948,7182,713,6469,7181,-236,7417,0.38336888,0.5265504
GE.TNTI.BL.gfz2009sidp.npz,1,2638,2637,1938,12845,10907,1937,10207,8270,0.3987987,0.52344394
GE.FAKI.BH.gfz2012xahl.npz,1,3580,3579,3339,3588,249,3338,8,3330,0.5240752,0.6924954
GE.FAKI.HL.gfz2009ennn.npz,0,10704,10704,4655,5147,492,4655,-5557,10212,0.43474653,0.52973276
GE.UGM.HH.gfz2009inbh.npz,0,8804,8804,2968,3309,341,2968,-5495,8463,0.4253361,0.50704396
GE.UGM.HL.gfz2009bbud.npz,0,3618,3618,2426,2528,102,2426,-1090,3516,0.4175487,0.5551934
GE.MNAI.SH.gfz2012wvgj.npz,0,2788,2788,2307,2671,364,2307,-117,2424,0.39549544,0.4969721
GE.PLAI.SH.gfz2012qetk.npz,1,4196,4195,4071,4123,52,4070,-73,4143,0.4141909,0.53298795
GE.FAKI.BL.gfz2009bjnh.npz,1,10488,10487,3603,3647,44,3602,-6841,10443,0.4106742,0.62502944
GE.MNAI.BL.gfz2009pxkx.npz,2,1170,1168,3811,5107,1296,3809,3937,128,0.37924728,0.5069546
GE.UGM.SL.gfz2010cvnw.npz,0,12062,12062,1749,3700,1951,1749,-8362,10111,0.38643035,0.5548155
GE.SANI.BL.gfz2025ewvp.npz,1,7284,7283,7172,526,6646,7171,-6758,13929,0.4157759,0.5034845
GE.UGM.BH.gfz2010cvnw.npz,1,3836,3835,1750,3711,1961,1749,-125,1874,0.40975735,0.7578829
GE.LUWI.SH.gfz2013fqap.npz,1,2094,2093,1552,2127,575,1551,33,1518,0.43683594,0.49269837
GE.SANI.BL.gfz2013ykdd.npz,1,8678,8677,8532,4605,3927,8531,-4073,12604,0.43246862,0.54673743
GE.BKNI.SH.gfz2019ckqw.npz,1,1968,1967,1922,1952,30,1921,-16,1937,0.49049947,0.56920755
GE.UGM.SH.gfz2014ojjv.npz,0,2144,2144,1895,2329,434,1895,185,1710,0.4681031,0.56725603
GE.TOLI2.SH.gfz2024vdim.npz,0,500,500,8193,1454,6739,8193,954,7239,0.39486483,0.5378659
GE.TNTI.BL.gfz2017sglz.npz,2,3128,3126,1663,10827,9164,1661,7699,6038,0.42838103,0.53321457
GE.BNDI.BH.gfz2024urkq.npz,1,4404,4403,5448,10825,5377,5447,6421,974,0.3833008,0.512728
GE.FAKI.BL.gfz2010gdlm.npz,1,5092,5091,4888,4999,111,4887,-93,4980,0.47153652,0.61281675
GE.FAKI.HH.gfz2009bjlo.npz,0,3016,3016,2960,1550,1410,2960,-1466,4426,0.3506311,0.512887
GE.LHMI.SH.gfz2010wlnb.npz,0,7396,7396,2103,2238,135,2103,-5158,7261,0.44791883,0.63908434
GE.SANI.BH.gfz2013yfsc.npz,1,7956,7955,7540,293,7247,7539,-7663,15202,0.4466416,0.5459071
GE.SANI.SH.gfz2010occd.npz,0,4366,4366,4024,4492,468,4024,126,3898,0.42114687,0.5540231
GE.TNTI.BH.gfz2009fgfn.npz,1,3992,3991,3549,4249,700,3548,257,3291,0.3422782,0.5351181
GE.LUWI.BH.gfz2012xqdd.npz,1,9252,9251,6250,9275,3025,6249,23,6226,0.41260004,0.5167455
GE.LUWI.BL.gfz2013fqap.npz,1,2196,2195,1552,1566,14,1551,-630,2181,0.40890256,0.5928732
GE.FAKI.SH.gfz2014ubqb.npz,1,460,459,3766,6882,3116,3765,6422,2657,0.523423,0.59391934
GE.TOLI2.BH.gfz2024krts.npz,1,276,275,3470,306,3164,3469,30,3439,0.5440073,0.59229475
GE.TNTI.SH.gfz2016mexu.npz,0,1796,1796,913,1303,390,913,-493,1406,0.43681434,0.5204501
GE.FAKI.SH.gfz2009yode.npz,1,3064,3063,2932,3075,143,2931,11,2920,0.47146744,0.6195599
GE.TNTI.BL.gfz2012rrwm.npz,0,3292,3292,2826,10383,7557,2826,7091,4265,0.44775358,0.52631086
GE.SANI.BL.gfz2010awor.npz,1,4609,4608,4397,409,3988,4396,-4200,8596,0.40836093,0.64047974
GE.TOLI2.SH.gfz2018hbkr.npz,1,2340,2339,2160,8286,6126,2159,5946,3787,0.4256851,0.5075658
GE.FAKI.HL.gfz2009bjnh.npz,0,3706,3706,3602,3949,347,3602,243,3359,0.47939548,0.57131326
GE.GENI.BH.gfz2018umjj.npz,1,1532,1531,1466,1737,271,1465,205,1260,0.451586,0.51292026
GE.UGM.BL.gfz2012lnpl.npz,1,1848,1847,1805,5641,3836,1804,3793,1989,0.40900055,0.5211573
GE.TNTI.BL.gfz2009floe.npz,1,5010,5009,4647,209,4438,4646,-4801,9447,0.44377384,0.56161886
GE.GENI.BL.gfz2012nver.npz,1,1076,1075,966,1273,307,965,197,768,0.38984582,0.521874
GE.SOEI.SH.gfz2018hode.npz,1,1264,1263,731,834,103,730,-430,1160,0.37593997,0.5476382
GE.UGM.HH.gfz2009ptvf.npz,0,2350,2350,1987,2181,194,1987,-169,2156,0.40008637,0.5290012
GE.LUWI.BH.gfz2009ayxo.npz,1,6308,6307,5473,5680,207,5472,-628,6100,0.41583142,0.50743145
GE.FAKI.BL.gfz2009brqi.npz,1,88,87,4069,4291,222,4068,4203,135,0.39801568,0.5536291
GE.MNAI.BH.gfz2010veze.npz,1,1647,1646,1500,1536,36,1499,-111,1610,0.39397,0.575921
GE.MMRI.HL.gfz2009iayl.npz,0,9370,9370,5269,766,4503,5269,-8604,13873,0.42735714,0.55180913
GE.MNAI.SH.gfz2013mcso.npz,1,2602,2601,2415,2495,80,2414,-107,2521,0.41505954,0.73377645
GE.GSI.BL.gfz2015bvov.npz,1,1864,1863,885,938,53,884,-926,1810,0.37582108,0.53952366
GE.TNTI.HL.gfz2009qsnk.npz,0,2414,2414,4319,539,3780,4319,-1875,6194,0.40498084,0.56234276
GE.SOEI.BL.gfz2023jjmg.npz,0,7240,7240,5761,6722,961,5761,-518,6279,0.470003,0.5078581
GE.BKB.SH.gfz2023qwer.npz,1,3992,3991,7770,3101,4669,7769,-891,8660,0.36326888,0.507053
GE.TNTI.SH.gfz2018lwgs.npz,1,6600,6599,4595,8121,3526,4594,1521,3073,0.37039572,0.50902265
GE.SOEI.SH.gfz2013pyhb.npz,0,7476,7476,6330,6698,368,6330,-778,7108,0.39577046,0.5087446
GE.PLAI.BL.gfz2014esmj.npz,1,3592,3591,3214,3628,414,3213,36,3177,0.391079,0.5979188
GE.JAGI.HH.gfz2009bbud.npz,0,6850,6850,5660,5979,319,5660,-871,6531,0.41870895,0.5387535
GE.TNTI.HH.gfz2009dseu.npz,0,1300,1300,3480,4275,795,3480,2975,505,0.39320394,0.5296521
GE.TOLI2.BL.gfz2024cmtg.npz,1,1480,1479,1168,1404,236,1167,-76,1243,0.47842127,0.61810863
GE.SANI.SH.gfz2023kcmg.npz,0,4084,4084,6600,9905,3305,6600,5821,779,0.39322972,0.4963029
GE.TOLI2.BH.gfz2025dygb.npz,1,4670,4669,5049,8409,3360,5048,3739,1309,0.34196475,0.5107559
GE.LUWI.BL.gfz2009qgjm.npz,2,8468,8466,5471,1371,4100,5469,-7097,12566,0.4233535,0.51774645
GE.SOEI.HH.gfz2010kolf.npz,0,10460,10460,6897,4746,2151,6897,-5714,12611,0.4806606,0.61095464
GE.LUWI.SH.gfz2024fyvc.npz,0,7220,7220,3674,5311,1637,3674,-1909,5583,0.42896286,0.5405513
GE.TNTI.HL.gfz2009bjnh.npz,0,3784,3784,6468,10158,3690,6468,6374,94,0.41042486,0.53502643
GE.BBJI.SH.gfz2024imhv.npz,1,1048,1047,13499,3909,9590,13498,2861,10637,0.44578972,0.5168605
GE.TNTI.BH.gfz2014hjch.npz,1,1984,1983,1447,1691,244,1446,-293,1739,0.44440535,0.52954876
GE.GSI.SH.gfz2010ncnk.npz,0,2858,2858,2452,2862,410,2452,4,2448,0.5195835,0.56925327
GE.SANI.SH.gfz2010antw.npz,0,8968,8968,4367,415,3952,4367,-8553,12920,0.39964107,0.5941879
GE.JAGI.BH.gfz2024wupd.npz,0,7856,7856,7181,8125,944,7181,269,6912,0.41575137,0.5155932
GE.TNTI.HL.gfz2012atdb.npz,0,870,870,4513,331,4182,4513,-539,5052,0.43326804,0.5602097
GE.PLAI.BH.gfz2013vwga.npz,1,396,395,381,424,43,380,28,352,0.40722054,0.80288243
GE.TOLI2.SH.gfz2024stnc.npz,0,10548,10548,3049,3317,268,3049,-7231,10280,0.4140089,0.5235131
GE.JAGI.BH.gfz2023gnmu.npz,0,2602,2602,1953,2203,250,1953,-399,2352,0.41337717,0.6914306
GE.MMRI.SH.gfz2013ribh.npz,0,1694,1694,1454,11305,9851,1454,9611,8157,0.41419438,0.52507347
GE.TNTI.BL.gfz2017ayqr.npz,1,2258,2257,1346,1583,237,1345,-675,2020,0.4118997,0.56248164
GE.TOLI2.BH.gfz2024cmtg.npz,1,8046,8045,1168,1285,117,1167,-6761,7928,0.38007036,0.6261945
GE.SAUI.BH.gfz2013qvir.npz,1,6004,6003,3882,4217,335,3881,-1787,5668,0.3837751,0.54365975
GE.UGM.BH.gfz2009rejp.npz,2,4488,4486,3607,8697,5090,3605,4209,604,0.427051,0.51734906
GE.SMRI.SH.gfz2012uneo.npz,0,948,948,3917,9261,5344,3917,8313,4396,0.37888992,0.51161194
GE.TOLI2.BL.gfz2024vdim.npz,1,6328,6327,8194,8761,567,8193,2433,5760,0.4080466,0.50827885
GE.JAGI.SH.gfz2018mwlr.npz,1,1930,1929,1850,1936,86,1849,6,1843,0.40264514,0.5876843
GE.PLAI.BH.gfz2019qkjz.npz,1,1864,1863,1497,1597,100,1496,-267,1763,0.52191263,0.57457864
GE.PLAI.BH.gfz2025amik.npz,1,2232,2231,2068,2526,458,2067,294,1773,0.4577113,0.5443872
GE.MMRI.BH.gfz2025fwkg.npz,2,4100,4098,9144,981,8163,9142,-3119,12261,0.40313983,0.5118607
GE.BNDI.BL.gfz2023dips.npz,2,4136,4134,3333,3749,416,3331,-387,3718,0.41281492,0.541578
GE.MNAI.BL.gfz2018yajs.npz,1,2578,2577,1976,2300,324,1975,-278,2253,0.3969936,0.58032817
GE.TOLI2.BH.gfz2017zisk.npz,1,864,863,614,886,272,613,22,591,0.44060093,0.67368823
GE.SANI.BH.gfz2025ewvp.npz,1,104,103,7172,8030,858,7171,7926,755,0.3747389,0.5178697
GE.PLAI.BL.gfz2017ddhx.npz,1,3450,3449,3218,3289,71,3217,-161,3378,0.3990354,0.59375435
GE.UGM.SL.gfz2015vcni.npz,0,1714,1714,1541,1710,169,1541,-4,1545,0.37779772,0.5344708
GE.LUWI.BH.gfz2013ghxx.npz,1,2164,2163,2045,2253,208,2044,89,1955,0.47477576,0.5788716
GE.FAKI.BH.gfz2025dcky.npz,1,146,145,5234,5493,259,5233,5347,114,0.39111838,0.5569752
GE.SMRI.BL.gfz2010ddjw.npz,0,7176,7176,3484,4209,725,3484,-2967,6451,0.38168767,0.52475256
GE.UGM.BL.gfz2009rejp.npz,2,6424,6422,3607,4143,536,3605,-2281,5886,0.41256797,0.5015228
GE.UGM.BH.gfz2015vcni.npz,1,8008,8007,1542,1572,30,1541,-6436,7977,0.41839486,0.61937845
GE.FAKI.SH.gfz2010ghiq.npz,0,10186,10186,4380,4757,377,4380,-5429,9809,0.4019044,0.56626403
GE.JAGI.SH.gfz2025bckw.npz,0,2132,2132,3921,9825,5904,3921,7693,3772,0.39415783,0.50778115
GE.PLAI.SH.gfz2018hcmv.npz,1,1520,1519,1252,1296,44,1251,-224,1475,0.37513933,0.7505739
GE.SANI.BL.gfz2024imhv.npz,1,5508,5507,4927,1758,3169,4926,-3750,8676,0.45877716,0.51720047
GE.SAUI.BL.gfz2009rpju.npz,1,3076,3075,2302,2822,520,2301,-254,2555,0.4396927,0.52160674
GE.TNTI.BL.gfz2009zjqg.npz,1,3856,3855,2763,3349,586,2762,-507,3269,0.3960312,0.5512167
GE.FAKI.HL.gfz2009bjlo.npz,0,3182,3182,2960,221,2739,2960,-2961,5921,0.44175005,0.5380917
GE.TNTI.BH.gfz2011ywdf.npz,1,4516,4515,1745,2767,1022,1744,-1749,3493,0.4412361,0.5067723
GE.TNTI.BH.gfz2012yhuy.npz,2,7128,7126,4569,9889,5320,4567,2761,1806,0.41037497,0.5046129
GE.SANI.SH.gfz2022bkjt.npz,0,1679,1679,5592,5981,389,5592,4302,1290,0.3996681,0.512207
GE.GSI.BL.gfz2021jpkx.npz,1,2222,2221,1984,13448,11464,1983,11226,9243,0.40704972,0.60485
GE.BNDI.SH.gfz2024urkq.npz,1,4404,4403,5448,10825,5377,5447,6421,974,0.39008683,0.513538
GE.JAGI.BL.gfz2012rjhn.npz,1,2975,2974,2778,3403,625,2777,428,2349,0.41620147,0.569361
GE.UGM.BL.gfz2009npjw.npz,1,3410,3409,2551,2800,249,2550,-610,3160,0.3973904,0.5797345
GE.UGM.BL.gfz2018iouz.npz,1,6314,6313,2081,3283,1202,2080,-3031,5111,0.41704258,0.55880284
GE.SANI.BL.gfz2022xote.npz,1,4404,4403,3702,4082,380,3701,-322,4023,0.39294726,0.637165
GE.SOEI.BH.gfz2025fshn.npz,1,7428,7427,5695,12109,6414,5694,4681,1013,0.46260434,0.5415868
GE.JAGI.BL.gfz2014esmj.npz,1,2222,2221,1598,2124,526,1597,-98,1695,0.39811447,0.53099257
GE.TNTI.HH.gfz2009pyad.npz,0,9816,9816,4692,5463,771,4692,-4353,9045,0.42021862,0.5880308
GE.GSI.BH.gfz2010yvmm.npz,1,3272,3271,2890,3100,210,2889,-172,3061,0.45961106,0.61323243
GE.BNDI.SH.gfz2021jacz.npz,0,2846,2846,1993,2879,886,1993,33,1960,0.41427332,0.6488647
GE.JAGI.BH.gfz2012qetk.npz,1,2036,2035,1295,1350,55,1294,-686,1980,0.4508719,0.6641883
GE.TNTI.BL.gfz2009dctr.npz,2,884,882,3920,13483,9563,3918,12599,8681,0.40474895,0.5107334
GE.BBJI.SH.gfz2024kkci.npz,0,7400,7400,5116,1454,3662,5116,-5946,11062,0.40346634,0.49632564
GE.SAUI.BL.gfz2014brdi.npz,1,2383,2382,1658,8078,6420,1657,5695,4038,0.4114591,0.5315048
GE.LHMI.BH.gfz2016xzgq.npz,1,1275,1274,1119,1577,458,1118,302,816,0.45069778,0.55079836
GE.LHMI.SH.gfz2013qpmq.npz,0,5128,5128,4921,5147,226,4921,19,4902,0.41674325,0.5723312
GE.PLAI.SH.gfz2012ilqg.npz,0,2412,2412,1887,12045,10158,1887,9633,7746,0.3914605,0.52826947
GE.TOLI2.SH.gfz2013ghxx.npz,0,826,826,3552,5826,2274,3552,5000,1448,0.43476743,0.5360559
GE.TNTI.SH.gfz2014emyz.npz,0,2704,2704,5137,5773,636,5137,3069,2068,0.42521632,0.520014
GE.BNDI.BL.gfz2012xahl.npz,1,2904,2903,2813,12011,9198,2812,9107,6295,0.44643897,0.5335159
GE.SOEI.BH.gfz2012amyi.npz,1,548,547,7378,3401,3977,7377,2853,4524,0.41811,0.51040107
GE.SOEI.BH.gfz2010kolf.npz,1,7540,7539,6898,7801,903,6897,261,6636,0.38617304,0.5278928
GE.FAKI.SH.gfz2025dcky.npz,1,5558,5557,5234,5571,337,5233,13,5220,0.43963897,0.57272923
GE.JAGI.HL.gfz2009bkhv.npz,0,10498,10498,2823,3197,374,2823,-7301,10124,0.4731183,0.5006091
GE.MMRI.SH.gfz2025fwkg.npz,1,5834,5833,9143,3229,5914,9142,-2605,11747,0.39392054,0.5018279
GE.JAGI.BH.gfz2009bbud.npz,1,948,947,5661,398,5263,5660,-550,6210,0.4163087,0.55301064
GE.SOEI.BL.gfz2013tulg.npz,2,392,390,5351,5885,534,5349,5493,144,0.4289163,0.5716906
GE.SOEI.HL.gfz2009psbv.npz,0,6324,6324,5427,10138,4711,5427,3814,1613,0.44391686,0.6009883
GE.FAKI.HH.gfz2009amcp.npz,0,1268,1268,3069,5162,2093,3069,3894,825,0.35733706,0.55574995
GE.SAUI.BL.gfz2012rbpj.npz,1,5752,5751,2751,8686,5935,2750,2934,184,0.42608863,0.519658
GE.JAGI.BL.gfz2013jndg.npz,1,12482,12481,3825,4086,261,3824,-8396,12220,0.39263952,0.5235509
GE.MMRI.BL.gfz2009ilut.npz,2,1106,1104,6477,1679,4798,6475,573,5902,0.3892873,0.4965777
GE.TNTI.HH.gfz2009floe.npz,0,4994,4994,4646,4717,71,4646,-277,4923,0.48407114,0.53636646
GE.BBJI.SH.gfz2024tufl.npz,1,920,919,3501,3561,60,3500,2641,859,0.4044353,0.6405786
GE.PLAI.SH.gfz2018pmjk.npz,1,11204,11203,2199,2602,403,2198,-8602,10800,0.36157927,0.53523535
GE.PLAI.BH.gfz2023sjso.npz,1,8264,8263,1414,1528,114,1413,-6736,8149,0.4242215,0.7482246
GE.UGM.BL.gfz2013ttpe.npz,0,8968,8968,1938,2205,267,1938,-6763,8701,0.42922997,0.57065815
GE.SMRI.BH.gfz2013qeoy.npz,1,6304,6303,2994,9081,6087,2993,2777,216,0.42137176,0.5342934
GE.UGM.BL.gfz2012kaia.npz,1,1416,1415,1409,1472,63,1408,56,1352,0.46812746,0.6429127
GE.BNDI.BL.gfz2023jjmg.npz,2,782,780,8087,511,7576,8085,-271,8356,0.3999456,0.5096795
GE.FAKI.SH.gfz2014genx.npz,1,9716,9715,3226,3776,550,3225,-5940,9165,0.38655594,0.5419042
GE.LUWI.BL.gfz2009boun.npz,2,11252,11250,1399,1420,21,1397,-9832,11229,0.4420447,0.72003126
GE.TNTI.SH.gfz2014fzbl.npz,0,2292,2292,1712,2727,1015,1712,435,1277,0.3912273,0.53752077
GE.FAKI.SH.gfz2011ycjg.npz,0,1972,1972,6819,7041,222,6819,5069,1750,0.41697413,0.55045754
GE.TNTI.SH.gfz2013udpf.npz,1,1828,1827,1565,2690,1125,1564,862,702,0.38241643,0.52627337
GE.LUWI.BL.gfz2011xxju.npz,1,647,646,5322,763,4559,5321,116,5205,0.3994436,0.70134705
GE.LUWI.BH.gfz2009itjx.npz,1,6144,6143,5637,636,5001,5636,-5508,11144,0.39725414,0.6217913
GE.SANI.BH.gfz2024hgro.npz,1,9768,9767,4988,5389,401,4987,-4379,9366,0.4009637,0.5243147
GE.SANI.SH.gfz2011xxju.npz,1,7978,7977,2398,2619,221,2397,-5359,7756,0.36443305,0.53338706
GE.GSI.BL.gfz2010ncnk.npz,1,2592,2591,2453,2576,123,2452,-16,2468,0.45616323,0.5595724
GE.UGM.SH.gfz2011yfab.npz,1,9652,9651,3670,3825,155,3669,-5827,9496,0.4424536,0.5998601
GE.SANI.SH.gfz2013ucyl.npz,1,30,29,6919,9513,2594,6918,9483,2565,0.3945734,0.51430047
GE.GSI.BH.gfz2009dygp.npz,1,1022,1021,913,1124,211,912,102,810,0.4276454,0.6703598
GE.TNTI.BL.gfz2009eqqh.npz,1,12303,12302,1182,1586,404,1181,-10717,11898,0.39361376,0.5066007
GE.SAUI.BH.gfz2014brdi.npz,1,2876,2875,1658,2041,383,1657,-835,2492,0.4303716,0.53813595
GE.PLAI.BH.gfz2025bmwa.npz,1,8536,8535,2233,2299,66,2232,-6237,8469,0.42030412,0.6453343
GE.TNTI.SH.gfz2019sgac.npz,1,3524,3523,2309,10685,8376,2308,7161,4853,0.43660244,0.52929974
GE.SOEI.BH.gfz2009psbv.npz,1,5848,5847,5428,8745,3317,5427,2897,2530,0.4499619,0.54099566
GE.MNAI.BL.gfz2009qkfw.npz,1,10534,10533,2857,11535,8678,2856,1001,1855,0.39491817,0.51799285
GE.JAGI.BH.gfz2009bkhv.npz,1,2884,2883,2824,3089,265,2823,205,2618,0.47430834,0.6243385
GE.MNAI.BL.gfz2013goiq.npz,1,1086,1085,1036,1212,176,1035,126,909,0.4380399,0.54973626
GE.MMRI.BH.gfz2009pxvj.npz,1,974,973,5395,5881,486,5394,4907,487,0.3793233,0.50382775
GE.UGM.BH.gfz2018hcuv.npz,1,1720,1719,1590,1671,81,1589,-49,1638,0.39553735,0.5317628
GE.TNTI.HL.gfz2009eavu.npz,0,9729,9729,5071,11834,6763,5071,2105,2966,0.38786376,0.53856736
GE.FAKI.BL.gfz2009apup.npz,2,107,105,2920,3234,314,2918,3127,209,0.40965807,0.5573147
GE.LUWI.BL.gfz2013pxfu.npz,1,8264,8263,1833,1885,52,1832,-6379,8211,0.38424033,0.601792
GE.MNAI.BH.gfz2021lyjz.npz,1,904,903,840,12037,11197,839,11133,10294,0.4180439,0.50257254
GE.PLAI.SL.gfz2012azkx.npz,0,1550,1550,1447,1681,234,1447,131,1316,0.40943697,0.5564827
GE.LUWI.HL.gfz2009bjnh.npz,0,3918,3918,8852,3921,4931,8852,3,8849,0.4602261,0.5360374
GE.LHMI.BL.gfz2023acqq.npz,1,12331,12330,337,802,465,336,-11529,11865,0.45166874,0.6053023
GE.BNDI.BL.gfz2010abkc.npz,1,4468,4467,3066,2043,1023,3065,-2425,5490,0.3895788,0.5293861
GE.SOEI.BH.gfz2025bzud.npz,1,1368,1367,6172,293,5879,6171,-1075,7246,0.40068385,0.5306799
GE.TNTI.SH.gfz2023szzv.npz,1,1652,1651,3972,1754,2218,3971,102,3869,0.3714511,0.5210251
GE.TNTI.BH.gfz2025czgt.npz,1,1644,1643,1240,1664,424,1239,20,1219,0.41048598,0.6002835
GE.TNTI.BL.gfz2012yhuy.npz,2,1776,1774,4569,9854,5285,4567,8078,3511,0.3817562,0.49084523
GE.TNTI.BH.gfz2009dhbx.npz,0,3840,3840,3534,1173,2361,3534,-2667,6201,0.39812076,0.5573676
GE.TNTI.BH.gfz2009pyad.npz,1,9816,9815,4693,5459,766,4692,-4357,9049,0.41375422,0.5839606
GE.JAGI.SH.gfz2014ghxq.npz,0,1870,1870,1668,1803,135,1668,-67,1735,0.41899362,0.5917832
GE.SOEI.BH.gfz2009zbqz.npz,1,1316,1315,6906,8633,1727,6905,7317,412,0.42188862,0.53472376
GE.LUWI.SH.gfz2024fmvg.npz,1,12132,12131,4831,2551,2280,4830,-9581,14411,0.39357886,0.5202359
GE.TNTI.BH.gfz2015thvg.npz,1,3122,3121,2645,3366,721,2644,244,2400,0.4391303,0.6711499
GE.TOLI2.BH.gfz2025dlfh.npz,1,2386,2385,2085,2309,224,2084,-77,2161,0.43372378,0.5401963
GE.GSI.BL.gfz2010yvmm.npz,1,9892,9891,2890,3196,306,2889,-6696,9585,0.46366906,0.6283374
