filename,p_true,p_pred,p_error,s_true,s_pred,s_error,ps_true,ps_pred,ps_error,p_prob_max,s_prob_max
GE.UGM.BL.gfz2010ddjw.npz,3001,6057,3056,5719,15355,9636,2718,9298,6580,0.7540099,0.32655463
GE.TNTI.BL.gfz2009ayha.npz,3000,4503,1503,9659,4335,5324,6659,-168,6827,0.68274736,0.38239646
GE.SOEI.BH.gfz2012mpmh.npz,3001,7757,4756,6999,3383,3616,3998,-4374,8372,0.6609445,0.3159544
GE.MNAI.BL.gfz2009xyqn.npz,3001,4108,1107,4086,4229,143,1085,121,964,0.8016929,0.37120536
GE.LHMI.SH.gfz2013urpd.npz,3001,4972,1971,4666,5944,1278,1665,972,693,0.6277337,0.3198815
GE.PLAI.SL.gfz2012xqdd.npz,3000,7979,4979,7549,15464,7915,4549,7485,2936,0.71030265,0.40166318
GE.MMRI.SH.gfz2013hbue.npz,3000,7056,4056,6667,7485,818,3667,429,3238,0.69870424,0.33509767
GE.BNDI.SH.gfz2018qhyw.npz,3000,4692,1692,4533,5321,788,1533,629,904,0.7996858,0.35539603
GE.TNTI.BL.gfz2009fgfn.npz,3001,6984,3983,6549,468,6081,3548,-6516,10064,0.8298504,0.3346983
GE.MMRI.BL.gfz2019hinv.npz,3001,10735,7734,5213,799,4414,2212,-9936,12148,0.7279587,0.37764215
GE.FAKI.BH.gfz2009ayxo.npz,3001,9124,6123,8473,4715,3758,5472,-4409,9881,0.7253755,0.33302712
GE.SOEI.BL.gfz2013yfql.npz,3001,4074,1073,3736,3777,41,735,-297,1032,0.76712185,0.33481583
GE.GSI.BH.gfz2012uhbt.npz,3001,4815,1814,4276,4864,588,1275,49,1226,0.75468636,0.32315728
GE.LHMI.BL.gfz2012rato.npz,3001,16524,13523,4813,1700,3113,1812,-14824,16636,0.9777624,0.4527659
GE.LUWI.HH.gfz2009qkjn.npz,3000,6876,3876,5035,6849,1814,2035,-27,2062,0.65818447,0.34588617
GE.PLAI.SH.gfz2024yqam.npz,3001,7100,4099,6897,8613,1716,3896,1513,2383,0.7920963,0.3174911
GE.GSI.BL.gfz2021kfyy.npz,3001,5577,2576,5467,5833,366,2466,256,2210,0.7586711,0.35859218
GE.MMRI.SH.gfz2024wupd.npz,3001,7922,4921,7869,829,7040,4868,-7093,11961,0.71185493,0.35277396
GE.PLAI.SL.gfz2017ddhx.npz,3000,6390,3390,6217,14948,8731,3217,8558,5341,0.75443786,0.37272286
GE.BBJI.BH.gfz2024nomt.npz,3001,6922,3921,5838,2,5836,2837,-6920,9757,0.7274996,0.32541987
GE.LUWI.SH.gfz2010abbl.npz,3001,9935,6934,8712,6499,2213,5711,-3436,9147,0.6404181,0.3461573
GE.JAGI.SH.gfz2012qetk.npz,3001,4344,1343,4295,4896,601,1294,552,742,0.8963666,0.3692488
GE.LUWI.BL.gfz2010ciep.npz,3001,4708,1707,4317,12887,8570,1316,8179,6863,0.7229278,0.35008743
GE.FAKI.BH.gfz2012amyi.npz,3001,8144,5143,7987,8667,680,4986,523,4463,0.7176388,0.3249818
GE.BNDI.BH.gfz2012gezz.npz,3001,5898,2897,4821,5071,250,1820,-827,2647,0.5669994,0.34607416
GE.JAGI.SH.gfz2013hbue.npz,3001,8684,5683,8466,9248,782,5465,564,4901,0.69041723,0.36144617
GE.GSI.SH.gfz2015bvov.npz,3000,3972,972,3884,587,3297,884,-3385,4269,0.6418034,0.3582036
GE.SAUI.BH.gfz2020iiaf.npz,3001,3118,117,4910,5568,658,1909,2450,541,0.77829987,0.33667168
GE.JAGI.BH.gfz2017nmdx.npz,3001,4885,1884,4595,4833,238,1594,-52,1646,0.72714233,0.33439782
GE.FAKI.HL.gfz2009bmox.npz,3000,9854,6854,9002,6256,2746,6002,-3598,9600,0.5814659,0.43236503
GE.GSI.BH.gfz2013qpmq.npz,3001,5533,2532,5213,3253,1960,2212,-2280,4492,0.6803447,0.3137213
GE.SOEI.BH.gfz2009rpju.npz,3001,4676,1675,10619,5802,4817,7618,1126,6492,0.5341999,0.31629372
GE.FAKI.BL.gfz2009daap.npz,3001,8396,5395,8275,5818,2457,5274,-2578,7852,0.78207314,0.36177948
GE.LUWI.HL.gfz2009ilut.npz,3000,16422,13422,11427,7377,4050,8427,-9045,17472,0.62989503,0.38335264
GE.FAKI.BH.gfz2009yode.npz,3001,3144,143,5932,11703,5771,2931,8559,5628,0.8232955,0.33113718
GE.FAKI.BL.gfz2013wlbf.npz,3001,10821,7820,5560,10260,4700,2559,-561,3120,0.65862304,0.3512925
GE.TNTI.HL.gfz2009rdgk.npz,3000,6196,3196,5206,14360,9154,2206,8164,5958,0.6790133,0.47799578
GE.MMRI.BH.gfz2025amik.npz,3001,3128,127,6520,4545,1975,3519,1417,2102,0.57696813,0.33489284
GE.SAUI.HH.gfz2009tkfn.npz,3000,4296,1296,11707,706,11001,8707,-3590,12297,0.63514906,0.42987093
GE.TNTI.BL.gfz2009bmox.npz,3002,5077,2075,5029,742,4287,2027,-4335,6362,0.7654631,0.36009496
GE.LUWI.BL.gfz2009bjnh.npz,3001,650,2351,11853,6614,5239,8852,5964,2888,0.8581381,0.33667815
GE.MMRI.BL.gfz2012ugap.npz,3001,6307,3306,5375,15408,10033,2374,9101,6727,0.7352577,0.32828408
GE.FAKI.BL.gfz2009aqpt.npz,3001,3493,492,6401,1074,5327,3400,-2419,5819,0.71224123,0.34037542
GE.TNTI.BL.gfz2009czsb.npz,3001,4826,1825,6556,613,5943,3555,-4213,7768,0.68063205,0.3560815
GE.TNTI.SH.gfz2012yhuy.npz,3000,5551,2551,7567,3961,3606,4567,-1590,6157,0.63988274,0.33404118
GE.UGM.SL.gfz2014bxsc.npz,3001,4848,1847,4752,12767,8015,1751,7919,6168,0.74228853,0.42843673
GE.SOEI.SH.gfz2013qvir.npz,3000,4096,1096,8059,1112,6947,5059,-2984,8043,0.61508507,0.3934514
GE.UGM.SH.gfz2012uneo.npz,3000,7204,4204,6797,7183,386,3797,-21,3818,0.6408101,0.31301177
GE.JAGI.BH.gfz2024xkub.npz,3001,4238,1237,4170,4211,41,1169,-27,1196,0.79474145,0.33723885
GE.TOLI2.SH.gfz2013hjin.npz,3001,11149,8148,10615,11399,784,7614,250,7364,0.8000169,0.38003153
GE.MMRI.HH.gfz2009ilut.npz,3000,3910,910,9475,428,9047,6475,-3482,9957,0.67170924,0.35081396
GE.LUWI.BL.gfz2012wmnj.npz,3001,4977,1976,4934,13649,8715,1933,8672,6739,0.8597441,0.34708104
GE.FAKI.HH.gfz2009atqt.npz,3000,3461,461,6303,485,5818,3303,-2976,6279,0.6450395,0.3748531
GE.BKNI.SH.gfz2022gjiw.npz,3001,443,2558,6140,3192,2948,3139,2749,390,0.6404137,0.33227336
GE.TNTI.BH.gfz2009frwm.npz,3001,1463,1538,6454,1204,5250,3453,-259,3712,0.7114376,0.3690952
GE.FAKI.BH.gfz2009rpju.npz,3001,7455,4454,7454,11963,4509,4453,4508,55,0.7858769,0.33548892
GE.SMRI.SH.gfz2015vcni.npz,3001,5225,2224,5258,3447,1811,2257,-1778,4035,0.701778,0.37587833
GE.SAUI.BL.gfz2010kolf.npz,3001,6041,3040,5503,15556,10053,2502,9515,7013,0.81742346,0.39695218
GE.UGM.SH.gfz2012atnm.npz,3001,4619,1618,4416,4593,177,1415,-26,1441,0.7331673,0.38376492
GE.PLAI.BH.gfz2019cznc.npz,3001,4820,1819,4364,4937,573,1363,117,1246,0.80652076,0.31219962
GE.TNTI.BH.gfz2013rzij.npz,3001,6233,3232,4609,7876,3267,1608,1643,35,0.74980384,0.33460763
GE.SAUI.HH.gfz2009sufe.npz,3000,5681,2681,5196,3222,1974,2196,-2459,4655,0.7096593,0.31932294
GE.FAKI.HL.gfz2009bgxf.npz,3000,7336,4336,5890,3349,2541,2890,-3987,6877,0.6501544,0.4159925
GE.SAUI.SH.gfz2021ubnw.npz,3000,5321,2321,4858,1349,3509,1858,-3972,5830,0.75242937,0.3932638
GE.TNTI.BL.gfz2013rzij.npz,3001,5360,2359,4609,469,4140,1608,-4891,6499,0.72433174,0.35408574
GE.UGM.SH.gfz2010fnia.npz,3000,5035,2035,4764,4039,725,1764,-996,2760,0.8166398,0.3191816
GE.SMRI.BH.gfz2013jvgk.npz,3001,7347,4346,7004,3564,3440,4003,-3783,7786,0.6558135,0.3137839
GE.SMRI.BH.gfz2009boyf.npz,3002,3046,44,6155,4067,2088,3153,1021,2132,0.66294754,0.3145523
GE.LHMI.BL.gfz2013urpd.npz,3001,152,2849,4666,1238,3428,1665,1086,579,0.7418917,0.3289844
GE.MNAI.BH.gfz2010atkp.npz,3001,4197,1196,4187,9751,5564,1186,5554,4368,0.7942176,0.3194655
GE.FAKI.HH.gfz2009dkli.npz,3000,3344,344,12495,1182,11313,9495,-2162,11657,0.76417863,0.33472434
GE.TNTI.HH.gfz2009qghs.npz,3000,5709,2709,5191,388,4803,2191,-5321,7512,0.72114813,0.33133128
GE.MMRI.BH.gfz2013fkbz.npz,3002,5722,2720,5505,3141,2364,2503,-2581,5084,0.77783906,0.3435548
GE.TNTI.BH.gfz2010awor.npz,3001,3483,482,7411,3308,4103,4410,-175,4585,0.7201957,0.33426994
GE.TNTI.HL.gfz2009bmox.npz,3000,5075,2075,5027,69,4958,2027,-5006,7033,0.7422701,0.36818108
GE.MMRI.BH.gfz2024wupd.npz,3002,5723,2721,7870,198,7672,4868,-5525,10393,0.6852119,0.35898468
GE.UGM.BH.gfz2009ptvf.npz,3001,5198,2197,4988,3159,1829,1987,-2039,4026,0.7186453,0.3276293
GE.TOLI2.SH.gfz2012yhuy.npz,3000,3183,183,11977,967,11010,8977,-2216,11193,0.4980155,0.31192198
GE.FAKI.BL.gfz2009avte.npz,3000,8441,5441,8234,3199,5035,5234,-5242,10476,0.7979988,0.38995814
GE.LUWI.HL.gfz2009floe.npz,3000,6355,3355,6111,13294,7183,3111,6939,3828,0.71012264,0.44915935
GE.JAGI.BL.gfz2012rjfs.npz,3002,110,2892,5948,6902,954,2946,6792,3846,0.6644198,0.36461642
GE.SOEI.BH.gfz2012heuj.npz,3001,3540,539,9064,7993,1071,6063,4453,1610,0.64763516,0.3097907
GE.TNTI.BH.gfz2024qrxn.npz,3001,5364,2363,4820,11951,7131,1819,6587,4768,0.7961488,0.32927915
GE.SANI.SH.gfz2015thvg.npz,3000,6707,3707,6552,3206,3346,3552,-3501,7053,0.71103424,0.37397802
GE.TNTI.BH.gfz2009dseu.npz,3001,3659,658,6481,3439,3042,3480,-220,3700,0.7299535,0.34199604
GE.LUWI.SH.gfz2017cdvt.npz,3001,4523,1522,4261,1323,2938,1260,-3200,4460,0.7360168,0.3859791
GE.GSI.SH.gfz2010wlnb.npz,3000,3264,264,5862,790,5072,2862,-2474,5336,0.7674308,0.35754704
GE.MNAI.BL.gfz2013ydaj.npz,3000,5246,2246,4816,7224,2408,1816,1978,162,0.6526374,0.33132294
GE.GENI.SH.gfz2012nver.npz,3000,4449,1449,3965,4411,446,965,-38,1003,0.7929372,0.3548565
GE.LUWI.BH.gfz2009bjnh.npz,3001,7920,4919,11853,6449,5404,8852,-1471,10323,0.59198487,0.31533533
GE.UGM.BH.gfz2016dbtc.npz,3001,5592,2591,5389,3477,1912,2388,-2115,4503,0.77124894,0.31698284
GE.TOLI2.SH.gfz2025dlfh.npz,3000,5346,2346,5084,5627,543,2084,281,1803,0.71853477,0.3471353
GE.UGM.BH.gfz2010fnia.npz,3001,5036,2035,4765,9054,4289,1764,4018,2254,0.8373559,0.31180915
GE.TOLI2.BL.gfz2025bymb.npz,3001,4578,1577,4214,4695,481,1213,117,1096,0.87155145,0.3913896
GE.PLAI.BL.gfz2012dcye.npz,3001,4163,1162,4107,10680,6573,1106,6517,5411,0.72678566,0.3282827
GE.FAKI.HL.gfz2009tkfn.npz,3000,3636,636,6328,3462,2866,3328,-174,3502,0.77129287,0.40337628
GE.SOEI.HH.gfz2009qfbt.npz,3000,3227,227,8523,8802,279,5523,5575,52,0.72616524,0.3278982
GE.FAKI.SH.gfz2009zbqz.npz,3000,3267,267,8099,584,7515,5099,-2683,7782,0.92104745,0.35171202
GE.PLAI.BL.gfz2014ghxq.npz,3001,3676,675,5977,13801,7824,2976,10125,7149,0.76042163,0.34951678
GE.TOLI2.BH.gfz2024qmwb.npz,3001,3555,554,11311,4337,6974,8310,782,7528,0.71979505,0.3156706
GE.PLAI.BH.gfz2025bckw.npz,3001,4584,1583,4563,4663,100,1562,79,1483,0.8556187,0.31664848
GE.MNAI.BH.gfz2013xmza.npz,3001,4377,1376,4007,11837,7830,1006,7460,6454,0.88051414,0.32639605
GE.MNAI.HL.gfz2009rjtx.npz,3000,8722,5722,8202,14742,6540,5202,6020,818,0.73516464,0.37247795
GE.GSI.SH.gfz2013cxen.npz,3000,6168,3168,5901,3313,2588,2901,-2855,5756,0.7972521,0.358715
GE.UGM.BL.gfz2013crnj.npz,3001,4716,1715,4648,16221,11573,1647,11505,9858,0.7206424,0.35703033
GE.UGM.SL.gfz2013ttpe.npz,3000,3048,48,4938,15161,10223,1938,12113,10175,0.7980256,0.3699306
GE.FAKI.BH.gfz2009aixg.npz,3001,3551,550,6068,3310,2758,3067,-241,3308,0.7190787,0.35082084
GE.FAKI.BL.gfz2009zbqz.npz,3001,3261,260,8100,3478,4622,5099,217,4882,0.9023557,0.33795115
GE.FAKI.BL.gfz2012cnkn.npz,3001,6627,3626,6386,15417,9031,3385,8790,5405,0.7749703,0.3612064
GE.GSI.SH.gfz2021kfyy.npz,3000,5580,2580,5466,3338,2128,2466,-2242,4708,0.86338794,0.32495227
GE.SMRI.HL.gfz2009boyf.npz,3000,3040,40,6153,3097,3056,3153,57,3096,0.5936866,0.38382152
GE.TNTI.HL.gfz2009agwc.npz,3000,3362,362,8357,810,7547,5357,-2552,7909,0.8586325,0.4082659
GE.BKNI.BH.gfz2012gitd.npz,3001,4506,1505,4376,387,3989,1375,-4119,5494,0.8936957,0.4070164
GE.SOEI.BL.gfz2025gvra.npz,3001,11130,8129,9939,767,9172,6938,-10363,17301,0.73787993,0.3323072
GE.LHMI.BL.gfz2011kyss.npz,3000,3062,62,4774,7292,2518,1774,4230,2456,0.760788,0.33661652
GE.TNTI.BH.gfz2009hmmo.npz,3002,819,2183,5880,114,5766,2878,-705,3583,0.74031883,0.33503348
GE.FAKI.HL.gfz2009ewtf.npz,3000,11860,8860,10975,9167,1808,7975,-2693,10668,0.49346116,0.4120971
GE.FAKI.HH.gfz2009ayty.npz,3000,3631,631,6316,3387,2929,3316,-244,3560,0.6606276,0.36728176
GE.UGM.BL.gfz2009bbud.npz,3001,5710,2709,5427,13148,7721,2426,7438,5012,0.74890214,0.34038293
GE.UGM.SH.gfz2014kwfg.npz,3001,4818,1817,4692,3254,1438,1691,-1564,3255,0.75461274,0.34387437
GE.SAUI.BL.gfz2013tulg.npz,3001,16014,13013,6696,251,6445,3695,-15763,19458,0.7352728,0.35195193
GE.UGM.BH.gfz2009bjnh.npz,3000,5023,2023,13085,4760,8325,10085,-263,10348,0.45090297,0.29857853
GE.SANI.BH.gfz2011xxju.npz,3001,5486,2485,5398,5598,200,2397,112,2285,0.9151418,0.34107146
GE.FAKI.HL.gfz2009nqxv.npz,3000,7984,4984,7630,6043,1587,4630,-1941,6571,0.8441538,0.40644425
GE.PLAI.SH.gfz2017culr.npz,3001,4475,1474,4408,8328,3920,1407,3853,2446,0.81729156,0.335666
GE.LUWI.BH.gfz2009floe.npz,3001,6165,3164,6112,10330,4218,3111,4165,1054,0.86953413,0.34388375
GE.SANI.SH.gfz2013grue.npz,3000,11662,8662,11086,4078,7008,8086,-7584,15670,0.7251237,0.39474294
GE.FAKI.BL.gfz2009cdlz.npz,3001,3173,172,7166,3361,3805,4165,188,3977,0.8633246,0.38358092
GE.MMRI.BH.gfz2013ribh.npz,3001,4360,1359,4455,4470,15,1454,110,1344,0.6984298,0.3191167
GE.LHMI.HL.gfz2009epev.npz,3000,4730,1730,4127,1006,3121,1127,-3724,4851,0.86474246,0.3778665
GE.TNTI.BL.gfz2009qgjm.npz,3001,5065,2064,4572,13864,9292,1571,8799,7228,0.75692147,0.37570125
GE.MMRI.BL.gfz2013hbue.npz,3001,7225,4224,6668,14861,8193,3667,7636,3969,0.7207877,0.34311208
GE.JAGI.BL.gfz2009zipp.npz,3001,7797,4796,7122,3764,3358,4121,-4033,8154,0.7653602,0.35773984
GE.BNDI.BL.gfz2017bxmp.npz,3001,3422,421,5531,16128,10597,2530,12706,10176,0.7172367,0.37700632
GE.GSI.BH.gfz2022twah.npz,3001,4575,1574,3922,662,3260,921,-3913,4834,0.74922484,0.32343963
GE.MMRI.BH.gfz2022sqkl.npz,3001,7093,4092,6512,1275,5237,3511,-5818,9329,0.68913794,0.32721004
GE.TNTI.HH.gfz2009agwc.npz,3000,3369,369,8357,3594,4763,5357,225,5132,0.8463167,0.3534075
GE.MNAI.SH.gfz2021lyjz.npz,3001,3883,882,3840,2,3838,839,-3881,4720,0.8488291,0.33717868
GE.FAKI.HL.gfz2009aczt.npz,3000,3151,151,13085,7224,5861,10085,4073,6012,0.776778,0.3775568
GE.FAKI.BH.gfz2010kolf.npz,3000,8211,5211,8220,5735,2485,5220,-2476,7696,0.80576867,0.32493988
GE.LUWI.SH.gfz2024hdte.npz,3001,3982,981,10475,1228,9247,7474,-2754,10228,0.688008,0.35350516
GE.SOEI.HH.gfz2009rpju.npz,3000,11036,8036,10618,5801,4817,7618,-5235,12853,0.53162986,0.31276608
GE.PLAI.BH.gfz2014esmj.npz,3001,9372,6371,6214,4739,1475,3213,-4633,7846,0.7259351,0.35801598
GE.PLAI.SH.gfz2022sqkl.npz,3001,5128,2127,5093,5594,501,2092,466,1626,0.77360284,0.33442464
GE.FAKI.BL.gfz2009ayty.npz,3000,872,2128,6316,3749,2567,3316,2877,439,0.841518,0.3655599
GE.PMBI.BL.gfz2011swwe.npz,3000,15434,12434,5673,14959,9286,2673,-475,3148,0.773488,0.4022103
GE.UGM.BL.gfz2010bjpa.npz,3001,7215,4214,6717,7481,764,3716,266,3450,0.7871334,0.3345883
GE.TNTI.HH.gfz2009algf.npz,3000,5280,2280,4726,687,4039,1726,-4593,6319,0.8123108,0.34629932
GE.TNTI.BH.gfz2020iwiv.npz,3001,1349,1652,4420,5423,1003,1419,4074,2655,0.7194395,0.341863
GE.TNTI.SH.gfz2014hjch.npz,3001,5288,2287,4447,459,3988,1446,-4829,6275,0.62235445,0.3540002
GE.LUWI.BL.gfz2012rszr.npz,3001,6456,3455,6320,1216,5104,3319,-5240,8559,0.7185559,0.35421526
GE.GSI.BH.gfz2022gjiw.npz,3000,5737,2737,5410,5605,195,2410,-132,2542,0.7302653,0.32572848
GE.TOLI2.SH.gfz2025bymb.npz,3001,4588,1587,4214,5549,1335,1213,961,252,0.8610838,0.31416136
GE.SOEI.BL.gfz2025dcky.npz,3000,9937,6937,9361,194,9167,6361,-9743,16104,0.7298198,0.35795718
GE.TNTI.BH.gfz2017ayqr.npz,3001,4562,1561,4346,5140,794,1345,578,767,0.65355515,0.32363817
GE.TNTI.SH.gfz2014jcyq.npz,3000,3280,280,7235,16882,9647,4235,13602,9367,0.7497075,0.3922962
GE.SAUI.SH.gfz2013aruy.npz,3000,6332,3332,5769,3157,2612,2769,-3175,5944,0.75173986,0.4112771
GE.TNTI.BH.gfz2009czsb.npz,3001,7831,4830,6556,488,6068,3555,-7343,10898,0.5928008,0.31820354
GE.PLAI.BH.gfz2019usec.npz,3001,4259,1258,4222,4658,436,1221,399,822,0.8789061,0.33285862
GE.GSI.BH.gfz2009cktz.npz,3001,5380,2379,5152,1133,4019,2151,-4247,6398,0.594653,0.35317236
GE.MNAI.HL.gfz2009mwyd.npz,3000,5782,2782,5775,248,5527,2775,-5534,8309,0.73201174,0.34687474
GE.FAKI.BL.gfz2009agmj.npz,3001,1324,1677,6180,3902,2278,3179,2578,601,0.7368042,0.3867648
GE.FAKI.SH.gfz2014fbzr.npz,3000,3400,400,5986,1120,4866,2986,-2280,5266,0.7031864,0.35963327
GE.UGM.BL.gfz2012uneo.npz,3002,3239,237,6799,5159,1640,3797,1920,1877,0.81152344,0.336396
GE.SAUI.BH.gfz2016mcqf.npz,3001,6433,3432,5266,5537,271,2265,-896,3161,0.76519567,0.31782424
GE.MMRI.BH.gfz2009efga.npz,3001,5442,2441,9775,2892,6883,6774,-2550,9324,0.6743125,0.31917426
GE.BBJI.BL.gfz2018bubc.npz,3001,3082,81,4926,941,3985,1925,-2141,4066,0.7580868,0.33398312
GE.PLAI.BL.gfz2013sril.npz,3001,3333,332,5556,5698,142,2555,2365,190,0.768149,0.41769388
GE.SANI.BH.gfz2013nflx.npz,3001,3136,135,8963,11362,2399,5962,8226,2264,0.78249234,0.3143558
GE.PLAI.SH.gfz2025bmwa.npz,3001,3024,23,5233,5543,310,2232,2519,287,0.8081848,0.34129548
GE.MMRI.BH.gfz2009ilut.npz,3002,3912,910,9477,1721,7756,6475,-2191,8666,0.7199415,0.33231616
GE.GSI.BL.gfz2016rfim.npz,3001,5463,2462,4568,9963,5395,1567,4500,2933,0.77834404,0.34369063
GE.BBJI.BH.gfz2024xqwc.npz,3001,4325,1324,4051,3948,103,1050,-377,1427,0.8747051,0.31329122
GE.TNTI.HL.gfz2009waho.npz,3000,6136,3136,5791,14096,8305,2791,7960,5169,0.7524493,0.40355706
GE.TNTI.BH.gfz2009eqqh.npz,3001,4588,1587,4182,1022,3160,1181,-3566,4747,0.72867095,0.32036567
GE.JAGI.BH.gfz2009ruvn.npz,3001,9022,6021,7304,8335,1031,4303,-687,4990,0.6767664,0.32135922
GE.JAGI.HH.gfz2009bkhv.npz,3000,5900,2900,5823,4163,1660,2823,-1737,4560,0.85177016,0.3277076
GE.TNTI.BH.gfz2024fmvg.npz,3002,4946,1944,4405,3440,965,1403,-1506,2909,0.73058444,0.34931615
GE.SAUI.BL.gfz2020iiaf.npz,3001,6117,3116,4910,11909,6999,1909,5792,3883,0.74800444,0.35901663
GE.PLAI.SL.gfz2019qkjz.npz,3000,4724,1724,4496,16808,12312,1496,12084,10588,0.7534858,0.38282531
GE.BNDI.SH.gfz2009yode.npz,3001,6252,3251,5360,3478,1882,2359,-2774,5133,0.8117209,0.33632198
GE.UGM.BH.gfz2010teou.npz,3001,8780,5779,7812,7206,606,4811,-1574,6385,0.6184303,0.3086391
GE.SAUI.BL.gfz2009sufe.npz,3001,5671,2670,5197,1169,4028,2196,-4502,6698,0.8401436,0.3515171
GE.GSI.SH.gfz2012nrpy.npz,3000,9740,6740,9273,12827,3554,6273,3087,3186,0.58880794,0.31515634
GE.SMRI.BH.gfz2018hcuv.npz,3001,5554,2553,5522,6262,740,2521,708,1813,0.7353368,0.34292355
GE.TNTI.BL.gfz2009dijd.npz,3002,5495,2493,5353,162,5191,2351,-5333,7684,0.7351199,0.3424391
GE.SANI.BL.gfz2015thvg.npz,3001,6861,3860,6553,6884,331,3552,23,3529,0.7450894,0.347151
GE.TNTI.BL.gfz2010abbl.npz,3001,5596,2595,4743,6545,1802,1742,949,793,0.7363699,0.3722564
GE.FAKI.BH.gfz2009oubh.npz,3001,8908,5907,8632,13628,4996,5631,4720,911,0.7615878,0.31935623
GE.TNTI.BH.gfz2009eavu.npz,3002,9069,6067,8073,3957,4116,5071,-5112,10183,0.7000547,0.3493445
GE.TNTI.BH.gfz2016mexu.npz,3002,4628,1626,3915,3990,75,913,-638,1551,0.66025156,0.30950317
GE.UGM.SH.gfz2015kylx.npz,3001,5155,2154,5107,3169,1938,2106,-1986,4092,0.75903594,0.33158293
GE.UGM.BL.gfz2009boyf.npz,3001,6429,3428,6030,3191,2839,3029,-3238,6267,0.7893568,0.38562694
GE.FAKI.SH.gfz2024quvs.npz,3001,9748,6747,8616,3940,4676,5615,-5808,11423,0.7237355,0.34777185
GE.FAKI.BH.gfz2009rhsi.npz,3001,3199,198,7017,3333,3684,4016,134,3882,0.8632859,0.3124687
GE.BNDI.BH.gfz2025fwkg.npz,3001,6427,3426,5529,4764,765,2528,-1663,4191,0.60898036,0.3110123
GE.FAKI.BL.gfz2013avzn.npz,3001,3204,203,7374,3378,3996,4373,174,4199,0.86804885,0.38193277
GE.FAKI.HL.gfz2009blcy.npz,3000,6204,3204,5905,3537,2368,2905,-2667,5572,0.8359931,0.4386974
GE.GSI.BH.gfz2025cdqz.npz,3001,5632,2631,5079,5735,656,2078,103,1975,0.5477169,0.31295657
GE.TNTI.BH.gfz2009bmox.npz,3002,3111,109,5029,1013,4016,2027,-2098,4125,0.7098711,0.31675717
GE.LUWI.BL.gfz2013qwcb.npz,3000,6729,3729,6053,336,5717,3053,-6393,9446,0.72585326,0.3678641
GE.TNTI.HH.gfz2009fgfn.npz,3000,6991,3991,6548,7486,938,3548,495,3053,0.6153435,0.31182444
GE.LUWI.BH.gfz2017ukwz.npz,3001,4419,1418,4249,4380,131,1248,-39,1287,0.72167236,0.32809272
GE.PLAI.SH.gfz2017nlxf.npz,3001,4829,1828,4473,4888,415,1472,59,1413,0.71675414,0.3706755
GE.LUWI.BH.gfz2012widq.npz,3001,5449,2448,5219,282,4937,2218,-5167,7385,0.89591616,0.3475632
GE.MNAI.BL.gfz2013uvlo.npz,3002,8069,5067,7637,16374,8737,4635,8305,3670,0.7488079,0.34446177
GE.MMRI.SH.gfz2012rbpj.npz,3001,9243,6242,10204,6593,3611,7203,-2650,9853,0.614171,0.3379295
GE.UGM.SH.gfz2012cipp.npz,3000,4771,1771,4696,3169,1527,1696,-1602,3298,0.7251797,0.3283908
GE.GSI.SH.gfz2016rfim.npz,3001,5408,2407,4568,12277,7709,1567,6869,5302,0.8057198,0.3125608
GE.SANI.SH.gfz2010ghiq.npz,3000,10503,7503,9709,5535,4174,6709,-4968,11677,0.620591,0.34575588
GE.FAKI.BH.gfz2018qtuf.npz,3001,6103,3102,5929,3267,2662,2928,-2836,5764,0.80870885,0.3700095
GE.TOLI2.SH.gfz2014iwpt.npz,3000,7057,4057,6161,4355,1806,3161,-2702,5863,0.73115826,0.31846547
GE.BNDI.BH.gfz2025dcky.npz,3001,3801,800,6294,8987,2693,3293,5186,1893,0.58544105,0.315582
GE.FAKI.BL.gfz2010abkc.npz,3001,8153,5152,7816,8134,318,4815,-19,4834,0.8193714,0.435629
GE.GSI.BH.gfz2012hidg.npz,3001,5587,2586,5178,3531,1647,2177,-2056,4233,0.81084967,0.31475034
GE.SOEI.BL.gfz2014mnzy.npz,3001,5305,2304,4703,5022,319,1702,-283,1985,0.7125561,0.33527985
GE.FAKI.HL.gfz2009byjb.npz,3000,7264,4264,7194,3244,3950,4194,-4020,8214,0.6873552,0.65786535
GE.MNAI.BL.gfz2020wrfa.npz,3001,3964,963,3937,9391,5454,936,5427,4491,0.7826337,0.33844635
GE.JAGI.BL.gfz2023qwer.npz,3001,9685,6684,8565,9632,1067,5564,-53,5617,0.69474345,0.34466892
GE.PLAI.SH.gfz2025ghay.npz,3000,3226,226,4791,6782,1991,1791,3556,1765,0.8079751,0.33046305
GE.MNAI.SH.gfz2009xyqn.npz,3000,4116,1116,4085,4995,910,1085,879,206,0.8261812,0.3404369
GE.JAGI.HH.gfz2009bjnh.npz,3000,4726,1726,13085,717,12368,10085,-4009,14094,0.6019495,0.35464683
GE.BNDI.BL.gfz2010ghiq.npz,3001,3439,438,5661,379,5282,2660,-3060,5720,0.7510537,0.3548078
GE.JAGI.SH.gfz2024wupd.npz,3001,12811,9810,10182,4288,5894,7181,-8523,15704,0.69682467,0.35939407
GE.TNTI.BL.gfz2009sidp.npz,3001,5058,2057,4938,5106,168,1937,48,1889,0.749518,0.35492247
GE.FAKI.BH.gfz2012xahl.npz,3001,3109,108,6339,3263,3076,3338,154,3184,0.80347526,0.35147247
GE.FAKI.HL.gfz2009ennn.npz,3000,8052,5052,7655,3301,4354,4655,-4751,9406,0.6656758,0.4717436
GE.UGM.HH.gfz2009inbh.npz,3000,6144,3144,5968,4030,1938,2968,-2114,5082,0.6690621,0.33847424
GE.UGM.HL.gfz2009bbud.npz,3000,5709,2709,5426,4123,1303,2426,-1586,4012,0.690293,0.35787347
GE.MNAI.SH.gfz2012wvgj.npz,3000,5839,2839,5307,8151,2844,2307,2312,5,0.7649429,0.34018993
GE.PLAI.SH.gfz2012qetk.npz,3001,3172,171,7071,3419,3652,4070,247,3823,0.7847124,0.33359304
GE.FAKI.BL.gfz2009bjnh.npz,3001,3135,134,6603,11087,4484,3602,7952,4350,0.8513393,0.34652737
GE.MNAI.BL.gfz2009pxkx.npz,3002,7514,4512,6811,13404,6593,3809,5890,2081,0.72627825,0.36104184
GE.UGM.SL.gfz2010cvnw.npz,3000,6628,3628,4749,6587,1838,1749,-41,1790,0.7891747,0.34345326
GE.SANI.BL.gfz2025ewvp.npz,3001,13476,10475,10172,8915,1257,7171,-4561,11732,0.72320133,0.36422217
GE.UGM.BH.gfz2010cvnw.npz,3001,6637,3636,4750,3358,1392,1749,-3279,5028,0.7688791,0.3302194
GE.LUWI.SH.gfz2013fqap.npz,3001,5065,2064,4552,4694,142,1551,-371,1922,0.80504155,0.3599775
GE.SANI.BL.gfz2013ykdd.npz,3001,11702,8701,11532,14144,2612,8531,2442,6089,0.7814472,0.3574844
GE.BKNI.SH.gfz2019ckqw.npz,3001,3268,267,4922,16389,11467,1921,13121,11200,0.6918717,0.3362942
GE.UGM.SH.gfz2014ojjv.npz,3000,5240,2240,4895,12612,7717,1895,7372,5477,0.7269428,0.3125156
GE.TOLI2.SH.gfz2024vdim.npz,3000,12831,9831,11193,4241,6952,8193,-8590,16783,0.6076888,0.32353336
GE.TNTI.BL.gfz2017sglz.npz,3002,14954,11952,4663,13650,8987,1661,-1304,2965,0.8061186,0.38827
GE.BNDI.BH.gfz2024urkq.npz,3001,4042,1041,8448,1516,6932,5447,-2526,7973,0.5900453,0.3177659
GE.FAKI.BL.gfz2010gdlm.npz,3001,7965,4964,7888,3592,4296,4887,-4373,9260,0.8740481,0.35647988
GE.FAKI.HH.gfz2009bjlo.npz,3000,4533,1533,5960,1038,4922,2960,-3495,6455,0.67082244,0.3580107
GE.LHMI.SH.gfz2010wlnb.npz,3000,5223,2223,5103,5423,320,2103,200,1903,0.7719546,0.35020778
GE.SANI.BH.gfz2013yfsc.npz,3001,10845,7844,10540,3576,6964,7539,-7269,14808,0.72901803,0.36661923
GE.SANI.SH.gfz2010occd.npz,3000,7447,4447,7024,823,6201,4024,-6624,10648,0.7305274,0.35810947
GE.TNTI.BH.gfz2009fgfn.npz,3001,3,2998,6549,7487,938,3548,7484,3936,0.67043185,0.31473812
GE.LUWI.BH.gfz2012xqdd.npz,3001,10842,7841,9250,2998,6252,6249,-7844,14093,0.7026088,0.3429531
GE.LUWI.BL.gfz2013fqap.npz,3001,4591,1590,4552,4769,217,1551,178,1373,0.7615772,0.34471998
GE.FAKI.SH.gfz2014ubqb.npz,3001,6942,3941,6766,6815,49,3765,-127,3892,0.89809453,0.36099663
GE.TOLI2.BH.gfz2024krts.npz,3001,3282,281,6470,3729,2741,3469,447,3022,0.8214829,0.35253498
GE.TNTI.SH.gfz2016mexu.npz,3000,4627,1627,3913,4921,1008,913,294,619,0.65706104,0.3199339
GE.FAKI.SH.gfz2009yode.npz,3001,6021,3020,5932,13878,7946,2931,7857,4926,0.7646978,0.34139737
GE.TNTI.BL.gfz2012rrwm.npz,3000,6483,3483,5826,13460,7634,2826,6977,4151,0.74078685,0.38455808
GE.SANI.BL.gfz2010awor.npz,3001,7427,4426,7397,192,7205,4396,-7235,11631,0.8475923,0.3638936
GE.TOLI2.SH.gfz2018hbkr.npz,3001,5515,2514,5160,3144,2016,2159,-2371,4530,0.7243821,0.36694252
GE.FAKI.HL.gfz2009bjnh.npz,3000,6717,3717,6602,4401,2201,3602,-2316,5918,0.81799316,0.41783166
GE.GENI.BH.gfz2018umjj.npz,3001,4582,1581,4466,562,3904,1465,-4020,5485,0.7527943,0.34242052
GE.UGM.BL.gfz2012lnpl.npz,3001,5387,2386,4805,13740,8935,1804,8353,6549,0.7596713,0.36021692
GE.TNTI.BL.gfz2009floe.npz,3001,3842,841,7647,7867,220,4646,4025,621,0.80568933,0.37733775
GE.GENI.BL.gfz2012nver.npz,3001,4055,1054,3966,4037,71,965,-18,983,0.87962925,0.3927868
GE.SOEI.SH.gfz2018hode.npz,3001,3900,899,3731,1368,2363,730,-2532,3262,0.61743945,0.38796914
GE.UGM.HH.gfz2009ptvf.npz,3000,5164,2164,4987,3137,1850,1987,-2027,4014,0.63439,0.34113178
GE.LUWI.BH.gfz2009ayxo.npz,3001,3585,584,8473,4384,4089,5472,799,4673,0.70893604,0.3300041
GE.FAKI.BL.gfz2009brqi.npz,3001,3149,148,7069,7233,164,4068,4084,16,0.9102473,0.3681059
GE.MNAI.BH.gfz2010veze.npz,3001,4988,1987,4500,4913,413,1499,-75,1574,0.68345547,0.33051196
GE.MMRI.HL.gfz2009iayl.npz,3000,5218,2218,8269,8221,48,5269,3003,2266,0.4902855,0.38511539
GE.MNAI.SH.gfz2013mcso.npz,3001,5503,2502,5415,3066,2349,2414,-2437,4851,0.681971,0.3590525
GE.GSI.BL.gfz2015bvov.npz,3001,3971,970,3885,4207,322,884,236,648,0.8437144,0.32744527
GE.TNTI.HL.gfz2009qsnk.npz,3000,7816,4816,7319,15209,7890,4319,7393,3074,0.78952867,0.36024508
GE.SOEI.BL.gfz2023jjmg.npz,3000,3344,344,8761,6686,2075,5761,3342,2419,0.7734044,0.32321128
GE.BKB.SH.gfz2023qwer.npz,3001,638,2363,10770,3811,6959,7769,3173,4596,0.65172637,0.2989486
GE.TNTI.SH.gfz2018lwgs.npz,3001,3640,639,7595,2490,5105,4594,-1150,5744,0.620784,0.37290427
GE.SOEI.SH.gfz2013pyhb.npz,3000,10025,7025,9330,6876,2454,6330,-3149,9479,0.54087716,0.37526882
GE.PLAI.BL.gfz2014esmj.npz,3001,212,2789,6214,6618,404,3213,6406,3193,0.7312849,0.3856198
GE.JAGI.HH.gfz2009bbud.npz,3000,3382,382,8660,13176,4516,5660,9794,4134,0.7533978,0.33075133
GE.TNTI.HH.gfz2009dseu.npz,3000,3669,669,6480,3344,3136,3480,-325,3805,0.74471897,0.3378798
GE.TOLI2.BL.gfz2024cmtg.npz,3001,4535,1534,4168,10694,6526,1167,6159,4992,0.71590024,0.3486809
GE.SANI.SH.gfz2023kcmg.npz,3000,3795,795,9600,6377,3223,6600,2582,4018,0.5078272,0.32438883
GE.TOLI2.BH.gfz2025dygb.npz,3001,5620,2619,8049,3857,4192,5048,-1763,6811,0.48251978,0.31398308
GE.LUWI.BL.gfz2009qgjm.npz,3002,9802,6800,8471,6315,2156,5469,-3487,8956,0.70675325,0.34960443
GE.SOEI.HH.gfz2010kolf.npz,3000,10794,7794,9897,16737,6840,6897,5943,954,0.69564456,0.38946274
GE.LUWI.SH.gfz2024fyvc.npz,3000,8286,5286,6674,6076,598,3674,-2210,5884,0.7319011,0.32115257
GE.TNTI.HL.gfz2009bjnh.npz,3000,6465,3465,9468,1937,7531,6468,-4528,10996,0.73358846,0.38315406
GE.BBJI.SH.gfz2024imhv.npz,3001,4024,1023,13085,4079,9006,10084,55,10029,0.54451674,0.31523752
GE.TNTI.BH.gfz2014hjch.npz,3001,5288,2287,4447,378,4069,1446,-4910,6356,0.6339204,0.3388576
GE.GSI.SH.gfz2010ncnk.npz,3000,5502,2502,5452,5682,230,2452,180,2272,0.7034035,0.38994277
GE.SANI.SH.gfz2010antw.npz,3000,7802,4802,7367,3157,4210,4367,-4645,9012,0.662692,0.3194178
GE.JAGI.BH.gfz2024wupd.npz,3000,12810,9810,10181,7241,2940,7181,-5569,12750,0.7199821,0.33858097
GE.TNTI.HL.gfz2012atdb.npz,3000,7938,4938,7513,13518,6005,4513,5580,1067,0.71880203,0.3828181
GE.PLAI.BH.gfz2013vwga.npz,3001,3402,401,3381,13552,10171,380,10150,9770,0.86962944,0.3165737
GE.TOLI2.SH.gfz2024stnc.npz,3000,8014,5014,6049,4043,2006,3049,-3971,7020,0.6155929,0.3194636
GE.JAGI.BH.gfz2023gnmu.npz,3000,5075,2075,4953,15582,10629,1953,10507,8554,0.8161453,0.34276393
GE.MMRI.SH.gfz2013ribh.npz,3000,4359,1359,4454,15510,11056,1454,11151,9697,0.6785774,0.3207318
GE.TNTI.BL.gfz2017ayqr.npz,3001,4697,1696,4346,6660,2314,1345,1963,618,0.70792395,0.32947892
GE.TOLI2.BH.gfz2024cmtg.npz,3001,4538,1537,4168,8578,4410,1167,4040,2873,0.76457703,0.3216552
GE.SAUI.BH.gfz2013qvir.npz,3001,7085,4084,6882,3432,3450,3881,-3653,7534,0.7652657,0.34757254
GE.UGM.BH.gfz2009rejp.npz,3002,6953,3951,6607,3473,3134,3605,-3480,7085,0.6505886,0.31644434
GE.SMRI.SH.gfz2012uneo.npz,3000,3502,502,6917,4785,2132,3917,1283,2634,0.5625723,0.31213576
GE.TOLI2.BL.gfz2024vdim.npz,3001,11755,8754,11194,8344,2850,8193,-3411,11604,0.7383019,0.3480507
GE.JAGI.SH.gfz2018mwlr.npz,3001,12152,9151,4850,10415,5565,1849,-1737,3586,0.66546166,0.34575868
GE.PLAI.BH.gfz2019qkjz.npz,3001,4731,1730,4497,4694,197,1496,-37,1533,0.7536712,0.33597612
GE.PLAI.BH.gfz2025amik.npz,3001,5368,2367,5068,6060,992,2067,692,1375,0.7528613,0.3116762
GE.MMRI.BH.gfz2025fwkg.npz,3002,4009,1007,12144,4228,7916,9142,219,8923,0.7025067,0.36849868
GE.BNDI.BL.gfz2023dips.npz,3002,3606,604,6333,3388,2945,3331,-218,3549,0.7558811,0.34865162
GE.MNAI.BL.gfz2018yajs.npz,3001,5291,2290,4976,5381,405,1975,90,1885,0.7413276,0.3452566
GE.TOLI2.BH.gfz2017zisk.npz,3001,3882,881,3614,6184,2570,613,2302,1689,0.8048222,0.31403884
GE.SANI.BH.gfz2025ewvp.npz,3001,11164,8163,10172,7899,2273,7171,-3265,10436,0.51459736,0.3147582
GE.PLAI.BL.gfz2017ddhx.npz,3001,6390,3389,6218,3194,3024,3217,-3196,6413,0.77761656,0.4087662
GE.UGM.SL.gfz2015vcni.npz,3000,4721,1721,4541,711,3830,1541,-4010,5551,0.8183516,0.41792348
GE.LUWI.BH.gfz2013ghxx.npz,3001,5081,2080,5045,3159,1886,2044,-1922,3966,0.76001644,0.3259025
GE.FAKI.BH.gfz2025dcky.npz,3001,8479,5478,8234,3353,4881,5233,-5126,10359,0.89610314,0.37356526
GE.SMRI.BL.gfz2010ddjw.npz,3000,8437,5437,6484,3316,3168,3484,-5121,8605,0.7015211,0.35892883
GE.UGM.BL.gfz2009rejp.npz,3002,3511,509,6607,4136,2471,3605,625,2980,0.7848091,0.3601021
GE.UGM.BH.gfz2015vcni.npz,3001,4728,1727,4542,5062,520,1541,334,1207,0.7219863,0.32297412
GE.FAKI.SH.gfz2010ghiq.npz,3000,7633,4633,7380,3827,3553,4380,-3806,8186,0.8082773,0.42363575
GE.JAGI.SH.gfz2025bckw.npz,3000,9386,6386,6921,8592,1671,3921,-794,4715,0.8047059,0.32641378
GE.PLAI.SH.gfz2018hcmv.npz,3001,4252,1251,4252,4820,568,1251,568,683,0.7135018,0.33927962
GE.SANI.BL.gfz2024imhv.npz,3001,7938,4937,7927,1263,6664,4926,-6675,11601,0.7057635,0.35483506
GE.SAUI.BL.gfz2009rpju.npz,3001,6523,3522,5302,71,5231,2301,-6452,8753,0.7422407,0.34867465
GE.TNTI.BL.gfz2009zjqg.npz,3001,6643,3642,5763,1081,4682,2762,-5562,8324,0.79288495,0.35257402
GE.FAKI.HL.gfz2009bjlo.npz,3000,6407,3407,5960,3321,2639,2960,-3086,6046,0.7462923,0.44280502
GE.TNTI.BH.gfz2011ywdf.npz,3001,400,2601,4745,16078,11333,1744,15678,13934,0.6739052,0.3509645
GE.TNTI.BH.gfz2012yhuy.npz,3002,5553,2551,7569,1829,5740,4567,-3724,8291,0.6376461,0.3142081
GE.SANI.SH.gfz2022bkjt.npz,3000,8686,5686,8592,1639,6953,5592,-7047,12639,0.8249754,0.36325833
GE.GSI.BL.gfz2021jpkx.npz,3001,3056,55,4984,298,4686,1983,-2758,4741,0.81234974,0.37765908
GE.BNDI.SH.gfz2024urkq.npz,3001,3615,614,8448,1159,7289,5447,-2456,7903,0.6118588,0.3631792
GE.JAGI.BL.gfz2012rjhn.npz,3001,3215,214,5778,6100,322,2777,2885,108,0.7020084,0.36902297
GE.UGM.BL.gfz2009npjw.npz,3001,5918,2917,5551,6049,498,2550,131,2419,0.7487033,0.35736635
GE.UGM.BL.gfz2018iouz.npz,3001,5435,2434,5081,11675,6594,2080,6240,4160,0.7899392,0.32261312
GE.SANI.BL.gfz2022xote.npz,3001,7112,4111,6702,12841,6139,3701,5729,2028,0.79761875,0.3323449
GE.SOEI.BH.gfz2025fshn.npz,3001,3961,960,8695,3,8692,5694,-3958,9652,0.68899506,0.32458532
GE.JAGI.BL.gfz2014esmj.npz,3001,4702,1701,4598,1258,3340,1597,-3444,5041,0.66048056,0.35672572
GE.TNTI.HH.gfz2009pyad.npz,3000,3982,982,7692,3196,4496,4692,-786,5478,0.7399103,0.32636896
GE.GSI.BH.gfz2010yvmm.npz,3001,6223,3222,5890,12645,6755,2889,6422,3533,0.69889426,0.36898875
GE.BNDI.SH.gfz2021jacz.npz,3000,3347,347,4993,949,4044,1993,-2398,4391,0.662981,0.32388023
GE.JAGI.BH.gfz2012qetk.npz,3001,4343,1342,4295,4402,107,1294,59,1235,0.86000663,0.3370811
GE.TNTI.BL.gfz2009dctr.npz,3002,3606,604,6920,15868,8948,3918,12262,8344,0.76967674,0.35416698
GE.BBJI.SH.gfz2024kkci.npz,3000,4684,1684,8116,3395,4721,5116,-1289,6405,0.69959134,0.3157743
GE.SAUI.BL.gfz2014brdi.npz,3001,5369,2368,4658,519,4139,1657,-4850,6507,0.7965224,0.3481744
GE.LHMI.BH.gfz2016xzgq.npz,3001,4346,1345,4119,4166,47,1118,-180,1298,0.7821234,0.31437877
GE.LHMI.SH.gfz2013qpmq.npz,3000,5322,2322,7921,4309,3612,4921,-1013,5934,0.62445164,0.3459618
GE.PLAI.SH.gfz2012ilqg.npz,3000,5198,2198,4887,5008,121,1887,-190,2077,0.83335596,0.39941242
GE.TOLI2.SH.gfz2013ghxx.npz,3000,7191,4191,6552,4309,2243,3552,-2882,6434,0.6667836,0.324977
GE.TNTI.SH.gfz2014emyz.npz,3000,4735,1735,8137,3705,4432,5137,-1030,6167,0.7445923,0.37632138
GE.BNDI.BL.gfz2012xahl.npz,3001,3366,365,5813,1223,4590,2812,-2143,4955,0.7376658,0.35318416
GE.SOEI.BH.gfz2012amyi.npz,3001,5503,2502,10378,3090,7288,7377,-2413,9790,0.5981712,0.31065083
GE.SOEI.BH.gfz2010kolf.npz,3001,10794,7793,9898,8618,1280,6897,-2176,9073,0.6697319,0.3165658
GE.FAKI.SH.gfz2025dcky.npz,3001,8479,5478,8234,3354,4880,5233,-5125,10358,0.8610201,0.36334616
GE.JAGI.HL.gfz2009bkhv.npz,3000,5892,2892,5823,6153,330,2823,261,2562,0.7020703,0.38028228
GE.MMRI.SH.gfz2025fwkg.npz,3001,12892,9891,12143,10232,1911,9142,-2660,11802,0.6622478,0.34839362
GE.JAGI.BH.gfz2009bbud.npz,3001,3383,382,8661,6809,1852,5660,3426,2234,0.7831483,0.343255
GE.SOEI.BL.gfz2013tulg.npz,3002,8879,5877,8351,3291,5060,5349,-5588,10937,0.8022761,0.4027953
GE.SOEI.HL.gfz2009psbv.npz,3000,9428,6428,8427,904,7523,5427,-8524,13951,0.7210525,0.40379354
GE.FAKI.HH.gfz2009amcp.npz,3000,4480,1480,6069,3432,2637,3069,-1048,4117,0.6248387,0.3141992
GE.SAUI.BL.gfz2012rbpj.npz,3001,6376,3375,5751,473,5278,2750,-5903,8653,0.7197108,0.33599666
GE.JAGI.BL.gfz2013jndg.npz,3001,3142,141,6825,9443,2618,3824,6301,2477,0.7612794,0.3562578
GE.MMRI.BL.gfz2009ilut.npz,3002,10665,7663,9477,10637,1160,6475,-28,6503,0.74891263,0.3532596
GE.TNTI.HH.gfz2009floe.npz,3000,3201,201,7646,16769,9123,4646,13568,8922,0.83123076,0.37202036
GE.BBJI.SH.gfz2024tufl.npz,3001,6541,3540,6501,7091,590,3500,550,2950,0.7058287,0.3109677
GE.PLAI.SH.gfz2018pmjk.npz,3001,5324,2323,5199,424,4775,2198,-4900,7098,0.504659,0.31133366
GE.PLAI.BH.gfz2023sjso.npz,3001,4765,1764,4414,4642,228,1413,-123,1536,0.7716985,0.33338866
GE.UGM.BL.gfz2013ttpe.npz,3000,3048,48,4938,5567,629,1938,2519,581,0.8639446,0.37165576
GE.SMRI.BH.gfz2013qeoy.npz,3001,3061,60,5994,6361,367,2993,3300,307,0.5315114,0.33086872
GE.UGM.BL.gfz2012kaia.npz,3001,4721,1720,4409,8050,3641,1408,3329,1921,0.75945705,0.35511696
GE.BNDI.BL.gfz2023jjmg.npz,3002,3765,763,11087,1402,9685,8085,-2363,10448,0.6750101,0.38069773
GE.FAKI.SH.gfz2014genx.npz,3001,4,2997,6226,3582,2644,3225,3578,353,0.6939793,0.3513472
GE.LUWI.BL.gfz2009boun.npz,3002,4417,1415,4399,9723,5324,1397,5306,3909,0.8220376,0.35479906
GE.TNTI.SH.gfz2014fzbl.npz,3000,5351,2351,4712,3745,967,1712,-1606,3318,0.5532012,0.3102314
GE.FAKI.SH.gfz2011ycjg.npz,3000,3918,918,9819,4222,5597,6819,304,6515,0.77641964,0.3142144
GE.TNTI.SH.gfz2013udpf.npz,3001,5680,2679,4565,14221,9656,1564,8541,6977,0.78930765,0.34023514
GE.LUWI.BL.gfz2011xxju.npz,3001,172,2829,8322,10631,2309,5321,10459,5138,0.8916676,0.37398925
GE.LUWI.BH.gfz2009itjx.npz,3001,10095,7094,8637,9767,1130,5636,-328,5964,0.6929075,0.35155663
GE.SANI.BH.gfz2024hgro.npz,3001,3542,541,7988,3826,4162,4987,284,4703,0.671647,0.34035325
GE.SANI.SH.gfz2011xxju.npz,3001,5486,2485,5398,5515,117,2397,29,2368,0.84156936,0.60248154
GE.GSI.BL.gfz2010ncnk.npz,3001,5892,2891,5453,5564,111,2452,-328,2780,0.69949317,0.3537749
GE.UGM.SH.gfz2011yfab.npz,3001,3932,931,6670,3447,3223,3669,-485,4154,0.7781712,0.3242093
GE.SANI.SH.gfz2013ucyl.npz,3001,3039,38,9919,774,9145,6918,-2265,9183,0.5216756,0.35015142
GE.GSI.BH.gfz2009dygp.npz,3001,4018,1017,3913,1101,2812,912,-2917,3829,0.8301047,0.34412
GE.TNTI.BL.gfz2009eqqh.npz,3001,4592,1591,4182,16276,12094,1181,11684,10503,0.7830101,0.36179632
GE.SAUI.BH.gfz2014brdi.npz,3001,5377,2376,4658,5075,417,1657,-302,1959,0.8056574,0.31739944
GE.PLAI.BH.gfz2025bmwa.npz,3001,3025,24,5233,5676,443,2232,2651,419,0.83428675,0.3279223
GE.TNTI.SH.gfz2019sgac.npz,3001,5976,2975,5309,15322,10013,2308,9346,7038,0.7397862,0.3656785
GE.SOEI.BH.gfz2009psbv.npz,3001,3760,759,8428,3924,4504,5427,164,5263,0.6443066,0.35790718
GE.MNAI.BL.gfz2009qkfw.npz,3001,6890,3889,5857,15975,10118,2856,9085,6229,0.71203893,0.3453017
GE.JAGI.BH.gfz2009bkhv.npz,3001,5900,2899,5824,4164,1660,2823,-1736,4559,0.83377004,0.33024287
GE.MNAI.BL.gfz2013goiq.npz,3001,4071,1070,4036,609,3427,1035,-3462,4497,0.89486206,0.34376493
GE.MMRI.BH.gfz2009pxvj.npz,3001,5372,2371,8395,5000,3395,5394,-372,5766,0.5775961,0.30758923
GE.UGM.BH.gfz2018hcuv.npz,3001,4668,1667,4590,5422,832,1589,754,835,0.7600869,0.32582253
GE.TNTI.HL.gfz2009eavu.npz,3000,9071,6071,8071,16724,8653,5071,7653,2582,0.65813434,0.41071424
GE.FAKI.BL.gfz2009apup.npz,3002,6109,3107,5920,7169,1249,2918,1060,1858,0.7990359,0.32332954
GE.LUWI.BL.gfz2013pxfu.npz,3001,4899,1898,4833,4925,92,1832,26,1806,0.7592405,0.3789893
GE.MNAI.BH.gfz2021lyjz.npz,3001,3883,882,3840,2,3838,839,-3881,4720,0.7920555,0.341955
GE.PLAI.SL.gfz2012azkx.npz,3000,4552,1552,4447,12876,8429,1447,8324,6877,0.6693857,0.3594843
GE.LUWI.HL.gfz2009bjnh.npz,3000,13169,10169,11852,6794,5058,8852,-6375,15227,0.5977604,0.52258754
GE.LHMI.BL.gfz2023acqq.npz,3001,4626,1625,3337,15219,11882,336,10593,10257,0.80051124,0.35398898
GE.BNDI.BL.gfz2010abkc.npz,3001,3483,482,6066,15093,9027,3065,11610,8545,0.69997203,0.3610403
GE.SOEI.BH.gfz2025bzud.npz,3001,3920,919,9172,8596,576,6171,4676,1495,0.7379114,0.30858758
GE.TNTI.SH.gfz2023szzv.npz,3001,1856,1145,6972,868,6104,3971,-988,4959,0.6487861,0.3230785
GE.TNTI.BH.gfz2025czgt.npz,3001,4430,1429,4240,547,3693,1239,-3883,5122,0.75285673,0.36420003
GE.TNTI.BL.gfz2012yhuy.npz,3002,9396,6394,7569,15302,7733,4567,5906,1339,0.7139952,0.36369056
GE.TNTI.BH.gfz2009dhbx.npz,3000,4040,1040,6534,559,5975,3534,-3481,7015,0.66990614,0.31963345
GE.TNTI.BH.gfz2009pyad.npz,3001,3983,982,7693,9629,1936,4692,5646,954,0.75031036,0.32136512
GE.JAGI.SH.gfz2014ghxq.npz,3000,4918,1918,4668,5170,502,1668,252,1416,0.728971,0.35497656
GE.SOEI.BH.gfz2009zbqz.npz,3001,3643,642,9906,5097,4809,6905,1454,5451,0.72406185,0.30993474
GE.LUWI.SH.gfz2024fmvg.npz,3001,9256,6255,7831,2584,5247,4830,-6672,11502,0.63627756,0.3158292
GE.TNTI.BH.gfz2015thvg.npz,3001,6082,3081,5645,3075,2570,2644,-3007,5651,0.77056897,0.31476295
GE.TOLI2.BH.gfz2025dlfh.npz,3001,5347,2346,5085,5430,345,2084,83,2001,0.7626212,0.3239781
GE.GSI.BL.gfz2010yvmm.npz,3001,3063,62,5890,6350,460,2889,3287,398,0.73254347,0.35730365
